1	1.0
2	1.0
3	1.0
4	1.0
5	1.0
6	1.0
7	1.0
8	1.0
9	1.0
10	99999.0
11	4.0
12	4.0
13	3.0
14	2.0
15	3.0
16	3.0
17	3.0
18	3.0
19	2.0
20	3.0
21	3.0
22	3.0
23	2.0
24	99999.0
25	3.0
26	3.0
27	4.0
28	3.0
29	3.0
30	2.0
31	3.0
32	3.0
33	3.0
34	2.0
35	3.0
36	99999.0
37	3.0
38	4.0
39	2.0
40	3.0
41	4.0
42	3.0
43	3.0
44	2.0
45	3.0
46	2.0
47	99999.0
48	3.0
49	3.0
50	3.0
51	3.0
52	3.0
53	3.0
54	3.0
55	3.0
56	3.0
57	3.0
58	3.0
59	4.0
60	3.0
61	3.0
62	3.0
63	3.0
64	4.0
65	2.0
66	3.0
67	3.0
68	3.0
69	4.0
70	2.0
71	3.0
72	3.0
73	3.0
74	3.0
75	3.0
76	4.0
77	99999.0
78	99999.0
79	3.0
80	2.0
81	2.0
82	3.0
83	2.0
84	3.0
85	3.0
86	2.0
87	2.0
88	3.0
89	3.0
90	3.0
91	3.0
92	3.0
93	2.0
94	2.0
95	3.0
96	3.0
97	3.0
98	3.0
99	3.0
100	3.0
101	2.0
102	3.0
103	2.0
104	3.0
105	3.0
106	3.0
107	3.0
108	3.0
109	3.0
110	3.0
111	3.0
112	3.0
113	2.0
114	4.0
115	4.0
116	3.0
117	99999.0
118	2.0
119	3.0
120	4.0
121	3.0
122	4.0
123	5.0
124	3.0
125	3.0
126	2.0
127	4.0
128	3.0
129	3.0
130	5.0
131	99999.0
132	99999.0
133	3.0
134	4.0
135	4.0
136	5.0
137	3.0
138	4.0
139	5.0
140	4.0
141	3.0
142	3.0
143	99999.0
144	3.0
145	4.0
146	4.0
147	3.0
148	3.0
149	99999.0
150	99999.0
151	3.0
152	99999.0
153	3.0
154	3.0
155	4.0
156	4.0
157	2.0
158	4.0
159	4.0
160	4.0
161	4.0
162	3.0
163	3.0
164	4.0
165	3.0
166	3.0
167	3.0
168	4.0
169	4.0
170	4.0
171	3.0
172	2.0
173	3.0
174	3.0
175	3.0
176	3.0
177	3.0
178	3.0
179	99999.0
180	4.0
181	3.0
182	3.0
183	4.0
184	4.0
185	99999.0
186	3.0
187	3.0
188	3.0
189	3.0
190	4.0
191	3.0
192	3.0
193	3.0
194	3.0
195	3.0
196	3.0
197	3.0
198	3.0
199	2.0
200	3.0
201	4.0
202	3.0
203	3.0
204	3.0
205	3.0
206	4.0
207	3.0
208	3.0
209	3.0
210	3.0
211	3.0
212	3.0
213	3.0
214	2.0
215	3.0
216	3.0
217	3.0
218	3.0
219	3.0
220	3.0
221	3.0
222	3.0
223	3.0
224	3.0
225	3.0
226	3.0
227	3.0
228	3.0
229	3.0
230	3.0
231	3.0
232	3.0
233	3.0
234	2.0
235	3.0
236	3.0
237	3.0
238	3.0
239	2.0
240	2.0
241	3.0
242	3.0
243	3.0
244	3.0
245	3.0
246	3.0
247	3.0
248	3.0
249	3.0
250	3.0
251	2.0
252	3.0
253	3.0
254	3.0
255	2.0
256	3.0
257	3.0
258	3.0
259	2.0
260	3.0
261	3.0
262	3.0
263	3.0
264	3.0
265	3.0
266	99999.0
267	4.0
268	3.0
269	3.0
270	4.0
271	3.0
272	4.0
273	3.0
274	3.0
275	4.0
276	2.0
277	3.0
278	4.0
279	3.0
280	3.0
281	3.0
282	2.0
283	4.0
284	3.0
285	3.0
286	2.0
287	4.0
288	4.0
289	3.0
290	3.0
291	3.0
292	2.0
293	3.0
294	4.0
295	3.0
296	3.0
297	3.0
298	2.0
299	99999.0
300	99999.0
301	4.0
302	4.0
303	3.0
304	3.0
305	3.0
306	3.0
307	3.0
308	3.0
309	3.0
310	3.0
311	2.0
312	3.0
313	3.0
314	4.0
315	5.0
316	2.0
317	3.0
318	2.0
319	3.0
320	3.0
321	4.0
322	3.0
323	3.0
324	3.0
325	3.0
326	3.0
327	3.0
328	2.0
329	2.0
330	3.0
331	3.0
332	3.0
333	3.0
334	2.0
335	2.0
336	3.0
337	3.0
338	5.0
339	4.0
340	99999.0
341	4.0
342	3.0
343	99999.0
344	3.0
345	3.0
346	3.0
347	99999.0
348	2.0
349	2.0
350	3.0
351	3.0
352	3.0
353	2.0
354	99999.0
355	3.0
356	2.0
357	3.0
358	4.0
359	3.0
360	4.0
361	3.0
362	2.0
363	3.0
364	4.0
365	99999.0
366	99999.0
367	99999.0
368	99999.0
369	4.0
370	3.0
371	99999.0
372	99999.0
373	3.0
374	3.0
375	3.0
376	3.0
377	3.0
378	3.0
379	3.0
380	99999.0
381	99999.0
382	4.0
383	3.0
384	3.0
385	3.0
386	4.0
387	3.0
388	3.0
389	3.0
390	3.0
391	4.0
392	3.0
393	4.0
394	3.0
395	99999.0
396	99999.0
397	3.0
398	3.0
399	2.0
400	2.0
401	3.0
402	3.0
403	3.0
404	4.0
405	3.0
406	3.0
407	3.0
408	4.0
409	3.0
410	4.0
411	4.0
412	3.0
413	3.0
414	3.0
415	4.0
416	4.0
417	3.0
418	3.0
419	4.0
420	3.0
421	3.0
422	4.0
423	4.0
424	3.0
425	3.0
426	3.0
427	3.0
428	3.0
429	2.0
430	3.0
431	2.0
432	3.0
433	3.0
434	3.0
435	2.0
436	3.0
437	3.0
438	2.0
439	3.0
440	2.0
441	2.0
442	2.0
443	3.0
444	3.0
445	2.0
446	3.0
447	99999.0
448	4.0
449	3.0
450	4.0
451	4.0
452	4.0
453	3.0
454	3.0
455	99999.0
456	4.0
457	3.0
458	99999.0
459	99999.0
460	3.0
461	3.0
462	4.0
463	3.0
464	4.0
465	4.0
466	3.0
467	3.0
468	3.0
469	3.0
470	3.0
471	2.0
472	3.0
473	3.0
474	3.0
475	3.0
476	3.0
477	3.0
478	3.0
479	3.0
480	3.0
481	3.0
482	3.0
483	3.0
484	3.0
485	3.0
486	3.0
487	3.0
488	2.0
489	3.0
490	3.0
491	3.0
492	2.0
493	3.0
494	3.0
495	2.0
496	3.0
497	3.0
498	3.0
499	3.0
500	3.0
501	2.0
502	3.0
503	3.0
504	3.0
505	3.0
506	2.0
507	3.0
508	3.0
509	3.0
510	3.0
511	3.0
512	2.0
513	2.0
514	2.0
515	3.0
516	3.0
517	3.0
518	3.0
519	3.0
520	3.0
521	3.0
522	3.0
523	3.0
524	3.0
525	3.0
526	3.0
527	3.0
528	3.0
529	3.0
530	3.0
531	2.0
532	3.0
533	3.0
534	3.0
535	3.0
536	3.0
537	3.0
538	3.0
539	3.0
540	3.0
541	3.0
542	3.0
543	3.0
544	3.0
545	3.0
546	3.0
547	3.0
548	3.0
549	3.0
550	3.0
551	3.0
552	3.0
553	3.0
554	3.0
555	2.0
556	2.0
557	4.0
558	3.0
559	3.0
560	99999.0
561	3.0
562	3.0
563	3.0
564	2.0
565	4.0
566	99999.0
567	99999.0
568	99999.0
569	3.0
570	4.0
571	99999.0
572	3.0
573	3.0
574	3.0
575	3.0
576	3.0
577	3.0
578	3.0
579	3.0
580	3.0
581	3.0
582	3.0
583	2.0
584	3.0
585	2.0
586	2.0
587	3.0
588	3.0
589	3.0
590	2.0
591	3.0
592	3.0
593	3.0
594	3.0
595	3.0
596	3.0
597	2.0
598	3.0
599	3.0
600	3.0
601	3.0
602	3.0
603	3.0
604	3.0
605	3.0
606	3.0
607	3.0
608	3.0
609	3.0
610	2.0
611	3.0
612	3.0
613	3.0
614	3.0
615	3.0
616	3.0
617	3.0
618	3.0
619	3.0
620	3.0
621	3.0
622	3.0
623	3.0
624	3.0
625	3.0
626	3.0
627	3.0
628	3.0
629	3.0
630	3.0
631	3.0
632	3.0
633	3.0
634	3.0
635	3.0
636	99999.0
637	3.0
638	2.0
639	3.0
640	2.0
641	3.0
642	3.0
643	3.0
644	3.0
645	3.0
646	3.0
647	2.0
648	3.0
649	3.0
650	4.0
651	2.0
652	3.0
653	3.0
654	3.0
655	4.0
656	3.0
657	3.0
658	2.0
659	3.0
660	5.0
661	4.0
662	99999.0
663	99999.0
664	99999.0
665	99999.0
666	4.0
667	3.0
668	3.0
669	3.0
670	4.0
671	4.0
672	3.0
673	3.0
674	2.0
675	3.0
676	99999.0
677	3.0
678	3.0
679	3.0
680	3.0
681	3.0
682	4.0
683	3.0
684	99999.0
685	99999.0
686	3.0
687	99999.0
688	99999.0
689	99999.0
690	99999.0
691	99999.0
692	99999.0
693	99999.0
694	3.0
695	2.0
696	3.0
697	3.0
698	3.0
699	3.0
700	4.0
701	3.0
702	4.0
703	2.0
704	3.0
705	3.0
706	3.0
707	4.0
708	2.0
709	3.0
710	3.0
711	2.0
712	3.0
713	4.0
714	2.0
715	3.0
716	3.0
717	2.0
718	2.0
719	3.0
720	3.0
721	4.0
722	3.0
723	4.0
724	3.0
725	3.0
726	4.0
727	3.0
728	3.0
729	2.0
730	99999.0
731	99999.0
732	99999.0
733	99999.0
734	3.0
735	3.0
736	2.0
737	3.0
738	2.0
739	2.0
740	3.0
741	3.0
742	99999.0
743	3.0
744	4.0
745	3.0
746	3.0
747	3.0
748	3.0
749	3.0
750	3.0
751	3.0
752	4.0
753	3.0
754	99999.0
755	99999.0
756	99999.0
757	3.0
758	3.0
759	3.0
760	3.0
761	99999.0
762	3.0
763	4.0
764	2.0
765	99999.0
766	3.0
767	3.0
768	3.0
769	3.0
770	3.0
771	3.0
772	3.0
773	3.0
774	3.0
775	3.0
776	3.0
777	4.0
778	3.0
779	3.0
780	3.0
781	3.0
782	4.0
783	3.0
784	2.0
785	3.0
786	3.0
787	3.0
788	3.0
789	3.0
790	3.0
791	2.0
792	3.0
793	3.0
794	3.0
795	3.0
796	4.0
797	2.0
798	4.0
799	3.0
800	4.0
801	3.0
802	3.0
803	2.0
804	3.0
805	3.0
806	3.0
807	2.0
808	3.0
809	4.0
810	3.0
811	3.0
812	3.0
813	3.0
814	3.0
815	3.0
816	99999.0
817	99999.0
818	99999.0
819	3.0
820	4.0
821	99999.0
822	2.0
823	99999.0
824	4.0
825	3.0
826	3.0
827	3.0
828	99999.0
829	3.0
830	3.0
831	3.0
832	99999.0
833	3.0
834	3.0
835	3.0
836	3.0
837	2.0
838	4.0
839	99999.0
840	3.0
841	2.0
842	3.0
843	3.0
844	2.0
845	3.0
846	3.0
847	99999.0
848	3.0
849	3.0
850	3.0
851	4.0
852	3.0
853	3.0
854	3.0
855	3.0
856	3.0
857	3.0
858	3.0
859	3.0
860	3.0
861	3.0
862	3.0
863	3.0
864	3.0
865	4.0
866	4.0
867	99999.0
868	4.0
869	3.0
870	4.0
871	5.0
872	3.0
873	3.0
874	99999.0
875	99999.0
876	4.0
877	4.0
878	3.0
879	3.0
880	3.0
881	3.0
882	3.0
883	3.0
884	99999.0
885	4.0
886	3.0
887	3.0
888	3.0
889	4.0
890	3.0
891	3.0
892	3.0
893	3.0
894	4.0
895	4.0
896	99999.0
897	3.0
898	3.0
899	3.0
900	3.0
901	3.0
902	3.0
903	3.0
904	2.0
905	3.0
906	99999.0
907	4.0
908	3.0
909	99999.0
910	3.0
911	3.0
912	3.0
913	3.0
914	3.0
915	3.0
916	3.0
917	3.0
918	3.0
919	3.0
920	3.0
921	3.0
922	3.0
923	3.0
924	3.0
925	3.0
926	4.0
927	3.0
928	3.0
929	3.0
930	3.0
931	4.0
932	4.0
933	3.0
934	3.0
935	3.0
936	4.0
937	3.0
938	3.0
939	3.0
940	4.0
941	4.0
942	4.0
943	2.0
944	3.0
945	3.0
946	4.0
947	3.0
948	3.0
949	3.0
950	3.0
951	3.0
952	2.0
953	3.0
954	3.0
955	3.0
956	2.0
957	4.0
958	3.0
959	3.0
960	3.0
961	3.0
962	3.0
963	3.0
964	3.0
965	2.0
966	3.0
967	3.0
968	4.0
969	3.0
970	3.0
971	3.0
972	3.0
973	3.0
974	3.0
975	4.0
976	3.0
977	3.0
978	4.0
979	4.0
980	4.0
981	4.0
982	3.0
983	3.0
984	3.0
985	3.0
986	2.0
987	2.0
988	3.0
989	3.0
990	3.0
991	4.0
992	3.0
993	3.0
994	3.0
995	3.0
996	3.0
997	3.0
998	3.0
999	3.0
1000	2.0
1001	3.0
1002	3.0
1003	4.0
1004	3.0
1005	3.0
1006	99999.0
1007	99999.0
1008	4.0
1009	3.0
1010	4.0
1011	4.0
1012	3.0
1013	99999.0
1014	99999.0
1015	4.0
1016	3.0
1017	4.0
1018	4.0
1019	3.0
1020	3.0
1021	3.0
1022	3.0
1023	3.0
1024	3.0
1025	4.0
1026	3.0
1027	3.0
1028	3.0
1029	4.0
1030	3.0
1031	3.0
1032	3.0
1033	2.0
1034	3.0
1035	4.0
1036	4.0
1037	4.0
1038	4.0
1039	4.0
1040	3.0
1041	3.0
1042	3.0
1043	3.0
1044	4.0
1045	3.0
1046	3.0
1047	2.0
1048	4.0
1049	3.0
1050	4.0
1051	3.0
1052	3.0
1053	3.0
1054	99999.0
1055	99999.0
1056	3.0
1057	3.0
1058	3.0
1059	99999.0
1060	3.0
1061	99999.0
1062	3.0
1063	4.0
1064	3.0
1065	3.0
1066	4.0
1067	3.0
1068	3.0
1069	3.0
1070	3.0
1071	4.0
1072	2.0
1073	3.0
1074	3.0
1075	3.0
1076	3.0
1077	3.0
1078	3.0
1079	3.0
1080	3.0
1081	3.0
1082	3.0
1083	2.0
1084	3.0
1085	3.0
1086	3.0
1087	3.0
1088	3.0
1089	3.0
1090	3.0
1091	3.0
1092	3.0
1093	3.0
1094	3.0
1095	99999.0
1096	99999.0
1097	3.0
1098	99999.0
1099	99999.0
1100	4.0
1101	4.0
1102	99999.0
1103	99999.0
1104	4.0
1105	4.0
1106	3.0
1107	4.0
1108	3.0
1109	4.0
1110	3.0
1111	3.0
1112	2.0
1113	3.0
1114	3.0
1115	99999.0
1116	2.0
1117	3.0
1118	99999.0
1119	3.0
1120	99999.0
1121	99999.0
1122	3.0
1123	2.0
1124	3.0
1125	3.0
1126	3.0
1127	2.0
1128	99999.0
1129	99999.0
1130	99999.0
1131	99999.0
1132	3.0
1133	3.0
1134	3.0
1135	2.0
1136	2.0
1137	2.0
1138	4.0
1139	2.0
1140	99999.0
1141	4.0
1142	3.0
1143	99999.0
1144	5.0
1145	4.0
1146	99999.0
1147	3.0
1148	4.0
1149	3.0
1150	3.0
1151	3.0
1152	4.0
1153	2.0
1154	3.0
1155	4.0
1156	3.0
1157	3.0
1158	3.0
1159	3.0
1160	2.0
1161	4.0
1162	3.0
1163	3.0
1164	3.0
1165	2.0
1166	2.0
1167	3.0
1168	4.0
1169	3.0
1170	3.0
1171	2.0
1172	2.0
1173	99999.0
1174	3.0
1175	3.0
1176	3.0
1177	3.0
1178	3.0
1179	3.0
1180	3.0
1181	3.0
1182	3.0
1183	3.0
1184	5.0
1185	2.0
1186	2.0
1187	3.0
1188	3.0
1189	3.0
1190	3.0
1191	3.0
1192	2.0
1193	3.0
1194	4.0
1195	3.0
1196	99999.0
1197	4.0
1198	5.0
1199	99999.0
1200	4.0
1201	3.0
1202	4.0
1203	3.0
1204	4.0
1205	4.0
1206	4.0
1207	4.0
1208	3.0
1209	4.0
1210	3.0
1211	3.0
1212	3.0
1213	3.0
1214	3.0
1215	4.0
1216	2.0
1217	3.0
1218	3.0
1219	3.0
1220	3.0
1221	4.0
1222	3.0
1223	3.0
1224	4.0
1225	99999.0
1226	3.0
1227	3.0
1228	3.0
1229	2.0
1230	3.0
1231	3.0
1232	3.0
1233	3.0
1234	3.0
1235	3.0
1236	3.0
1237	3.0
1238	3.0
1239	4.0
1240	3.0
1241	3.0
1242	3.0
1243	2.0
1244	3.0
1245	3.0
1246	3.0
1247	3.0
1248	3.0
1249	3.0
1250	3.0
1251	3.0
1252	4.0
1253	4.0
1254	3.0
1255	4.0
1256	4.0
1257	3.0
1258	3.0
1259	4.0
1260	4.0
1261	3.0
1262	4.0
1263	3.0
1264	4.0
1265	3.0
1266	4.0
1267	4.0
1268	4.0
1269	3.0
1270	3.0
1271	4.0
1272	3.0
1273	3.0
1274	99999.0
1275	99999.0
1276	99999.0
1277	3.0
1278	3.0
1279	99999.0
1280	2.0
1281	3.0
1282	2.0
1283	3.0
1284	3.0
1285	4.0
1286	3.0
1287	4.0
1288	3.0
1289	4.0
1290	2.0
1291	2.0
1292	4.0
1293	3.0
1294	99999.0
1295	99999.0
1296	99999.0
1297	99999.0
1298	3.0
1299	99999.0
1300	99999.0
1301	3.0
1302	3.0
1303	3.0
1304	3.0
1305	4.0
1306	3.0
1307	3.0
1308	3.0
1309	3.0
1310	3.0
1311	3.0
1312	3.0
1313	3.0
1314	3.0
1315	3.0
1316	3.0
1317	4.0
1318	3.0
1319	4.0
1320	99999.0
1321	99999.0
1322	3.0
1323	3.0
1324	3.0
1325	4.0
1326	3.0
1327	99999.0
1328	99999.0
1329	99999.0
1330	3.0
1331	3.0
1332	4.0
1333	3.0
1334	3.0
1335	4.0
1336	4.0
1337	3.0
1338	3.0
1339	3.0
1340	4.0
1341	3.0
1342	3.0
1343	3.0
1344	3.0
1345	3.0
1346	4.0
1347	99999.0
1348	99999.0
1349	3.0
1350	4.0
1351	3.0
1352	4.0
1353	3.0
1354	4.0
1355	4.0
1356	3.0
1357	4.0
1358	99999.0
1359	4.0
1360	3.0
1361	3.0
1362	3.0
1363	3.0
1364	3.0
1365	3.0
1366	3.0
1367	4.0
1368	3.0
1369	3.0
1370	3.0
1371	3.0
1372	4.0
1373	3.0
1374	4.0
1375	3.0
1376	4.0
1377	3.0
1378	3.0
1379	3.0
1380	4.0
1381	4.0
1382	4.0
1383	3.0
1384	3.0
1385	3.0
1386	3.0
1387	3.0
1388	4.0
1389	3.0
1390	3.0
1391	2.0
1392	3.0
1393	3.0
1394	3.0
1395	3.0
1396	3.0
1397	3.0
1398	3.0
1399	3.0
1400	3.0
1401	3.0
1402	3.0
1403	4.0
1404	4.0
1405	3.0
1406	3.0
1407	3.0
1408	3.0
1409	3.0
1410	3.0
1411	3.0
1412	99999.0
1413	3.0
1414	4.0
1415	2.0
1416	3.0
1417	3.0
1418	3.0
1419	3.0
1420	4.0
1421	3.0
1422	2.0
1423	3.0
1424	2.0
1425	3.0
1426	3.0
1427	3.0
1428	3.0
1429	4.0
1430	3.0
1431	99999.0
1432	99999.0
1433	3.0
1434	2.0
1435	3.0
1436	2.0
1437	3.0
1438	99999.0
1439	4.0
1440	3.0
1441	3.0
1442	4.0
1443	99999.0
1444	99999.0
1445	99999.0
1446	3.0
1447	3.0
1448	4.0
1449	3.0
1450	3.0
1451	3.0
1452	3.0
1453	3.0
1454	3.0
1455	99999.0
1456	3.0
1457	4.0
1458	5.0
1459	4.0
1460	99999.0
1461	4.0
1462	4.0
1463	3.0
1464	3.0
1465	3.0
1466	4.0
1467	3.0
1468	99999.0
1469	4.0
1470	99999.0
1471	3.0
1472	4.0
1473	4.0
1474	99999.0
1475	99999.0
1476	3.0
1477	3.0
1478	3.0
1479	3.0
1480	3.0
1481	99999.0
1482	4.0
1483	2.0
1484	3.0
1485	3.0
1486	2.0
1487	3.0
1488	3.0
1489	3.0
1490	3.0
1491	3.0
1492	3.0
1493	3.0
1494	2.0
1495	2.0
1496	3.0
1497	3.0
1498	2.0
1499	3.0
1500	3.0
1501	3.0
1502	3.0
1503	3.0
1504	4.0
1505	4.0
1506	5.0
1507	5.0
1508	99999.0
1509	99999.0
1510	3.0
1511	3.0
1512	3.0
1513	4.0
1514	3.0
1515	3.0
1516	3.0
1517	2.0
1518	3.0
1519	3.0
1520	4.0
1521	2.0
1522	3.0
1523	4.0
1524	3.0
1525	4.0
1526	3.0
1527	3.0
1528	3.0
1529	3.0
1530	4.0
1531	4.0
1532	99999.0
1533	3.0
1534	3.0
1535	3.0
1536	3.0
1537	3.0
1538	3.0
1539	4.0
1540	4.0
1541	3.0
1542	2.0
1543	3.0
1544	3.0
1545	2.0
1546	3.0
1547	3.0
1548	3.0
1549	3.0
1550	3.0
1551	3.0
1552	3.0
1553	3.0
1554	3.0
1555	3.0
1556	3.0
1557	3.0
1558	3.0
1559	3.0
1560	3.0
1561	2.0
1562	3.0
1563	3.0
1564	3.0
1565	3.0
1566	3.0
1567	3.0
1568	3.0
1569	3.0
1570	2.0
1571	3.0
1572	99999.0
1573	4.0
1574	3.0
1575	3.0
1576	4.0
1577	99999.0
1578	3.0
1579	3.0
1580	3.0
1581	4.0
1582	3.0
1583	3.0
1584	4.0
1585	2.0
1586	2.0
1587	3.0
1588	4.0
1589	3.0
1590	4.0
1591	3.0
1592	2.0
1593	4.0
1594	3.0
1595	2.0
1596	3.0
1597	3.0
1598	3.0
1599	4.0
1600	3.0
1601	3.0
1602	3.0
1603	3.0
1604	3.0
1605	3.0
1606	3.0
1607	3.0
1608	4.0
1609	3.0
1610	4.0
1611	4.0
1612	4.0
1613	3.0
1614	99999.0
1615	99999.0
1616	3.0
1617	3.0
1618	3.0
1619	4.0
1620	4.0
1621	4.0
1622	3.0
1623	4.0
1624	3.0
1625	3.0
1626	3.0
1627	3.0
1628	3.0
1629	3.0
1630	3.0
1631	3.0
1632	3.0
1633	3.0
1634	3.0
1635	3.0
1636	3.0
1637	4.0
1638	4.0
1639	3.0
1640	3.0
1641	3.0
1642	3.0
1643	3.0
1644	3.0
1645	3.0
1646	4.0
1647	3.0
1648	4.0
1649	4.0
1650	3.0
1651	3.0
1652	3.0
1653	3.0
1654	4.0
1655	3.0
1656	3.0
1657	3.0
1658	3.0
1659	3.0
1660	3.0
1661	4.0
1662	3.0
1663	3.0
1664	3.0
1665	3.0
1666	99999.0
1667	4.0
1668	3.0
1669	99999.0
1670	4.0
1671	3.0
1672	4.0
1673	3.0
1674	4.0
1675	3.0
1676	4.0
1677	3.0
1678	3.0
1679	3.0
1680	4.0
1681	99999.0
1682	3.0
1683	3.0
1684	3.0
1685	3.0
1686	3.0
1687	3.0
1688	3.0
1689	3.0
1690	3.0
1691	3.0
1692	3.0
1693	3.0
1694	3.0
1695	2.0
1696	3.0
1697	3.0
1698	3.0
1699	3.0
1700	99999.0
1701	3.0
1702	3.0
1703	2.0
1704	3.0
1705	2.0
1706	4.0
1707	3.0
1708	3.0
1709	4.0
1710	3.0
1711	2.0
1712	4.0
1713	99999.0
1714	99999.0
1715	99999.0
1716	3.0
1717	3.0
1718	3.0
1719	3.0
1720	3.0
1721	4.0
1722	4.0
1723	3.0
1724	4.0
1725	99999.0
1726	99999.0
1727	3.0
1728	4.0
1729	4.0
1730	3.0
1731	4.0
1732	3.0
1733	3.0
1734	4.0
1735	4.0
1736	4.0
1737	2.0
1738	3.0
1739	4.0
1740	3.0
1741	3.0
1742	3.0
1743	3.0
1744	3.0
1745	4.0
1746	4.0
1747	3.0
1748	99999.0
1749	4.0
1750	3.0
1751	3.0
1752	3.0
1753	3.0
1754	3.0
1755	3.0
1756	3.0
1757	3.0
1758	99999.0
1759	4.0
1760	4.0
1761	3.0
1762	4.0
1763	4.0
1764	3.0
1765	3.0
1766	3.0
1767	3.0
1768	3.0
1769	3.0
1770	3.0
1771	4.0
1772	3.0
1773	3.0
1774	3.0
1775	3.0
1776	4.0
1777	3.0
1778	3.0
1779	3.0
1780	3.0
1781	3.0
1782	4.0
1783	3.0
1784	4.0
1785	99999.0
1786	3.0
1787	99999.0
1788	3.0
1789	3.0
1790	4.0
1791	3.0
1792	99999.0
1793	5.0
1794	4.0
1795	3.0
1796	99999.0
1797	3.0
1798	2.0
1799	2.0
1800	3.0
1801	2.0
1802	99999.0
1803	4.0
1804	3.0
1805	4.0
1806	99999.0
1807	99999.0
1808	3.0
1809	3.0
1810	99999.0
1811	3.0
1812	2.0
1813	3.0
1814	3.0
1815	3.0
1816	3.0
1817	3.0
1818	3.0
1819	3.0
1820	3.0
1821	99999.0
1822	99999.0
1823	3.0
1824	3.0
1825	4.0
1826	3.0
1827	3.0
1828	4.0
1829	99999.0
1830	3.0
1831	3.0
1832	3.0
1833	4.0
1834	3.0
1835	3.0
1836	4.0
1837	4.0
1838	3.0
1839	3.0
1840	3.0
1841	4.0
1842	4.0
1843	4.0
1844	2.0
1845	4.0
1846	3.0
1847	3.0
1848	3.0
1849	3.0
1850	4.0
1851	3.0
1852	3.0
1853	99999.0
1854	3.0
1855	3.0
1856	2.0
1857	3.0
1858	3.0
1859	4.0
1860	3.0
1861	3.0
1862	3.0
1863	3.0
1864	4.0
1865	4.0
1866	6.0
1867	5.0
1868	4.0
1869	4.0
1870	3.0
1871	4.0
1872	3.0
1873	3.0
1874	3.0
1875	3.0
1876	3.0
1877	4.0
1878	4.0
1879	3.0
1880	3.0
1881	2.0
1882	3.0
1883	99999.0
1884	99999.0
1885	4.0
1886	4.0
1887	4.0
1888	99999.0
1889	99999.0
1890	5.0
1891	99999.0
1892	3.0
1893	2.0
1894	3.0
1895	3.0
1896	4.0
1897	4.0
1898	3.0
1899	3.0
1900	3.0
1901	4.0
1902	3.0
1903	4.0
1904	99999.0
1905	99999.0
1906	3.0
1907	4.0
1908	2.0
1909	4.0
1910	3.0
1911	99999.0
1912	3.0
1913	4.0
1914	4.0
1915	3.0
1916	3.0
1917	3.0
1918	3.0
1919	3.0
1920	3.0
1921	3.0
1922	3.0
1923	3.0
1924	3.0
1925	3.0
1926	3.0
1927	3.0
1928	3.0
1929	3.0
1930	3.0
1931	3.0
1932	3.0
1933	3.0
1934	3.0
1935	3.0
1936	3.0
1937	3.0
1938	3.0
1939	3.0
1940	4.0
1941	3.0
1942	99999.0
1943	3.0
1944	99999.0
1945	99999.0
1946	4.0
1947	3.0
1948	3.0
1949	99999.0
1950	99999.0
1951	99999.0
1952	3.0
1953	4.0
1954	3.0
1955	3.0
1956	4.0
1957	3.0
1958	3.0
1959	3.0
1960	2.0
1961	3.0
1962	3.0
1963	3.0
1964	3.0
1965	2.0
1966	3.0
1967	3.0
1968	3.0
1969	4.0
1970	4.0
1971	2.0
1972	4.0
1973	4.0
1974	4.0
1975	4.0
1976	5.0
1977	99999.0
1978	3.0
1979	99999.0
1980	3.0
1981	3.0
1982	3.0
1983	4.0
1984	3.0
1985	4.0
1986	4.0
1987	3.0
1988	3.0
1989	99999.0
1990	3.0
1991	2.0
1992	3.0
1993	3.0
1994	4.0
1995	4.0
1996	3.0
1997	3.0
1998	2.0
1999	2.0
2000	3.0
2001	3.0
2002	2.0
2003	2.0
2004	3.0
2005	4.0
2006	4.0
2007	4.0
2008	3.0
2009	4.0
2010	4.0
2011	4.0
2012	4.0
2013	3.0
2014	4.0
2015	4.0
2016	3.0
2017	4.0
2018	3.0
2019	3.0
2020	3.0
2021	3.0
2022	4.0
2023	4.0
2024	4.0
2025	4.0
2026	4.0
2027	4.0
2028	4.0
2029	4.0
2030	4.0
2031	3.0
2032	3.0
2033	3.0
2034	4.0
2035	4.0
2036	4.0
2037	4.0
2038	4.0
2039	4.0
2040	4.0
2041	4.0
2042	3.0
2043	4.0
2044	4.0
2045	3.0
2046	4.0
2047	4.0
2048	4.0
2049	4.0
2050	4.0
2051	4.0
2052	4.0
2053	4.0
2054	4.0
2055	99999.0
2056	4.0
2057	4.0
2058	4.0
2059	4.0
2060	4.0
2061	3.0
2062	3.0
2063	3.0
2064	4.0
2065	4.0
2066	4.0
2067	4.0
2068	4.0
2069	4.0
2070	4.0
2071	4.0
2072	3.0
2073	3.0
2074	4.0
2075	4.0
2076	4.0
2077	4.0
2078	3.0
2079	4.0
2080	3.0
2081	4.0
2082	99999.0
2083	4.0
2084	3.0
2085	3.0
2086	4.0
2087	4.0
2088	99999.0
2089	3.0
2090	3.0
2091	3.0
2092	3.0
2093	4.0
2094	3.0
2095	99999.0
2096	99999.0
2097	2.0
2098	3.0
2099	3.0
2100	4.0
2101	3.0
2102	3.0
2103	3.0
2104	3.0
2105	4.0
2106	3.0
2107	4.0
2108	3.0
2109	3.0
2110	4.0
2111	4.0
2112	4.0
2113	4.0
2114	4.0
2115	99999.0
2116	99999.0
2117	99999.0
2118	99999.0
2119	99999.0
2120	99999.0
2121	99999.0
2122	4.0
2123	99999.0
2124	3.0
2125	4.0
2126	3.0
2127	3.0
2128	99999.0
2129	4.0
2130	3.0
2131	4.0
2132	3.0
2133	4.0
2134	3.0
2135	2.0
2136	3.0
2137	3.0
2138	3.0
2139	4.0
2140	4.0
2141	3.0
2142	3.0
2143	3.0
2144	3.0
2145	3.0
2146	4.0
2147	3.0
2148	4.0
2149	3.0
2150	4.0
2151	3.0
2152	4.0
2153	4.0
2154	4.0
2155	4.0
2156	99999.0
2157	3.0
2158	4.0
2159	99999.0
2160	4.0
2161	99999.0
2162	4.0
2163	99999.0
2164	3.0
2165	3.0
2166	3.0
2167	99999.0
2168	4.0
2169	5.0
2170	4.0
2171	3.0
2172	3.0
2173	3.0
2174	99999.0
2175	99999.0
2176	99999.0
2177	4.0
2178	99999.0
2179	99999.0
2180	99999.0
2181	4.0
2182	3.0
2183	3.0
2184	3.0
2185	3.0
2186	3.0
2187	99999.0
2188	2.0
2189	3.0
2190	2.0
2191	99999.0
2192	99999.0
2193	2.0
2194	99999.0
2195	3.0
2196	4.0
2197	3.0
2198	3.0
2199	3.0
2200	4.0
2201	3.0
2202	3.0
2203	99999.0
2204	99999.0
2205	3.0
2206	3.0
2207	3.0
2208	3.0
2209	3.0
2210	3.0
2211	3.0
2212	3.0
2213	3.0
2214	3.0
2215	3.0
2216	3.0
2217	3.0
2218	3.0
2219	3.0
2220	3.0
2221	3.0
2222	3.0
2223	3.0
2224	3.0
2225	3.0
2226	3.0
2227	3.0
2228	3.0
2229	3.0
2230	3.0
2231	3.0
2232	3.0
2233	3.0
2234	3.0
2235	2.0
2236	3.0
2237	3.0
2238	3.0
2239	3.0
2240	3.0
2241	99999.0
2242	99999.0
2243	3.0
2244	5.0
2245	4.0
2246	3.0
2247	3.0
2248	3.0
2249	3.0
2250	3.0
2251	3.0
2252	3.0
2253	5.0
2254	3.0
2255	3.0
2256	4.0
2257	3.0
2258	4.0
2259	3.0
2260	3.0
2261	3.0
2262	3.0
2263	3.0
2264	4.0
2265	3.0
2266	4.0
2267	3.0
2268	3.0
2269	3.0
2270	3.0
2271	3.0
2272	3.0
2273	3.0
2274	3.0
2275	4.0
2276	3.0
2277	3.0
2278	3.0
2279	99999.0
2280	99999.0
2281	3.0
2282	2.0
2283	99999.0
2284	3.0
2285	3.0
2286	3.0
2287	99999.0
2288	99999.0
2289	3.0
2290	3.0
2291	3.0
2292	4.0
2293	4.0
2294	99999.0
2295	3.0
2296	2.0
2297	4.0
2298	4.0
2299	3.0
2300	99999.0
2301	99999.0
2302	3.0
2303	3.0
2304	3.0
2305	99999.0
2306	3.0
2307	3.0
2308	4.0
2309	4.0
2310	99999.0
2311	99999.0
2312	4.0
2313	3.0
2314	4.0
2315	3.0
2316	3.0
2317	3.0
2318	3.0
2319	3.0
2320	3.0
2321	4.0
2322	4.0
2323	3.0
2324	3.0
2325	3.0
2326	4.0
2327	3.0
2328	3.0
2329	2.0
2330	4.0
2331	2.0
2332	3.0
2333	3.0
2334	3.0
2335	99999.0
2336	99999.0
2337	99999.0
2338	3.0
2339	4.0
2340	3.0
2341	99999.0
2342	4.0
2343	4.0
2344	99999.0
2345	4.0
2346	4.0
2347	3.0
2348	3.0
2349	3.0
2350	3.0
2351	3.0
2352	3.0
2353	4.0
2354	4.0
2355	4.0
2356	4.0
2357	4.0
2358	99999.0
2359	99999.0
2360	4.0
2361	3.0
2362	3.0
2363	2.0
2364	99999.0
2365	4.0
2366	3.0
2367	4.0
2368	4.0
2369	99999.0
2370	4.0
2371	5.0
2372	3.0
2373	3.0
2374	99999.0
2375	99999.0
2376	3.0
2377	2.0
2378	4.0
2379	99999.0
2380	99999.0
2381	3.0
2382	4.0
2383	99999.0
2384	99999.0
2385	99999.0
2386	99999.0
2387	99999.0
2388	3.0
2389	99999.0
2390	3.0
2391	99999.0
2392	99999.0
2393	5.0
2394	99999.0
2395	99999.0
2396	4.0
2397	4.0
2398	99999.0
2399	4.0
2400	4.0
2401	3.0
2402	4.0
2403	4.0
2404	4.0
2405	3.0
2406	4.0
2407	4.0
2408	4.0
2409	4.0
2410	3.0
2411	3.0
2412	3.0
2413	99999.0
2414	4.0
2415	5.0
2416	4.0
2417	3.0
2418	99999.0
2419	4.0
2420	2.0
2421	99999.0
2422	99999.0
2423	3.0
2424	4.0
2425	3.0
2426	3.0
2427	4.0
2428	4.0
2429	3.0
2430	3.0
2431	99999.0
2432	3.0
2433	4.0
2434	3.0
2435	3.0
2436	4.0
2437	4.0
2438	99999.0
2439	3.0
2440	99999.0
2441	3.0
2442	99999.0
2443	3.0
2444	3.0
2445	3.0
2446	3.0
2447	4.0
2448	3.0
2449	4.0
2450	2.0
2451	4.0
2452	3.0
2453	3.0
2454	3.0
2455	4.0
2456	3.0
2457	3.0
2458	3.0
2459	4.0
2460	3.0
2461	3.0
2462	4.0
2463	3.0
2464	3.0
2465	99999.0
2466	3.0
2467	3.0
2468	3.0
2469	3.0
2470	3.0
2471	3.0
2472	3.0
2473	3.0
2474	3.0
2475	3.0
2476	99999.0
2477	99999.0
2478	4.0
2479	99999.0
2480	4.0
2481	99999.0
2482	2.0
2483	3.0
2484	4.0
2485	4.0
2486	4.0
2487	3.0
2488	3.0
2489	4.0
2490	4.0
2491	99999.0
2492	3.0
2493	99999.0
2494	99999.0
2495	4.0
2496	4.0
2497	4.0
2498	4.0
2499	99999.0
2500	99999.0
2501	3.0
2502	99999.0
2503	3.0
2504	4.0
2505	4.0
2506	3.0
2507	3.0
2508	3.0
2509	4.0
2510	4.0
2511	3.0
2512	4.0
2513	99999.0
2514	4.0
2515	2.0
2516	3.0
2517	3.0
2518	2.0
2519	2.0
2520	3.0
2521	3.0
2522	3.0
2523	3.0
2524	4.0
2525	99999.0
2526	99999.0
2527	3.0
2528	4.0
2529	3.0
2530	3.0
2531	3.0
2532	99999.0
2533	99999.0
2534	99999.0
2535	3.0
2536	4.0
2537	4.0
2538	3.0
2539	3.0
2540	99999.0
2541	3.0
2542	99999.0
2543	4.0
2544	4.0
2545	99999.0
2546	99999.0
2547	5.0
2548	4.0
2549	4.0
2550	3.0
2551	2.0
2552	99999.0
2553	3.0
2554	4.0
2555	4.0
2556	4.0
2557	4.0
2558	3.0
2559	4.0
2560	4.0
2561	3.0
2562	3.0
2563	3.0
2564	4.0
2565	3.0
2566	4.0
2567	99999.0
2568	3.0
2569	3.0
2570	3.0
2571	3.0
2572	3.0
2573	3.0
2574	3.0
2575	3.0
2576	3.0
2577	3.0
2578	3.0
2579	4.0
2580	3.0
2581	4.0
2582	99999.0
2583	5.0
2584	6.0
2585	4.0
2586	4.0
2587	4.0
2588	4.0
2589	99999.0
2590	99999.0
2591	99999.0
2592	3.0
2593	3.0
2594	4.0
2595	3.0
2596	4.0
2597	5.0
2598	99999.0
2599	3.0
2600	4.0
2601	4.0
2602	3.0
2603	3.0
2604	3.0
2605	4.0
2606	3.0
2607	4.0
2608	4.0
2609	4.0
2610	3.0
2611	3.0
2612	4.0
2613	4.0
2614	3.0
2615	3.0
2616	3.0
2617	3.0
2618	4.0
2619	3.0
2620	99999.0
2621	99999.0
2622	3.0
2623	99999.0
2624	4.0
2625	3.0
2626	4.0
2627	99999.0
2628	99999.0
2629	3.0
2630	99999.0
2631	3.0
2632	4.0
2633	99999.0
2634	3.0
2635	3.0
2636	3.0
2637	4.0
2638	4.0
2639	4.0
2640	99999.0
2641	99999.0
2642	3.0
2643	99999.0
2644	99999.0
2645	99999.0
2646	3.0
2647	3.0
2648	99999.0
2649	99999.0
2650	99999.0
2651	99999.0
2652	3.0
2653	4.0
2654	4.0
2655	4.0
2656	3.0
2657	4.0
2658	4.0
2659	4.0
2660	4.0
2661	99999.0
2662	4.0
2663	5.0
2664	4.0
2665	4.0
2666	3.0
2667	3.0
2668	5.0
2669	99999.0
2670	4.0
2671	2.0
2672	3.0
2673	4.0
2674	3.0
2675	4.0
2676	99999.0
2677	99999.0
2678	3.0
2679	4.0
2680	4.0
2681	3.0
2682	4.0
2683	5.0
2684	5.0
2685	3.0
2686	3.0
2687	4.0
2688	4.0
2689	4.0
2690	4.0
2691	4.0
2692	4.0
2693	99999.0
2694	3.0
2695	4.0
2696	4.0
2697	3.0
2698	2.0
2699	4.0
2700	3.0
2701	99999.0
2702	4.0
2703	3.0
2704	3.0
2705	3.0
2706	4.0
2707	4.0
2708	4.0
2709	4.0
2710	4.0
2711	4.0
2712	99999.0
2713	3.0
2714	3.0
2715	3.0
2716	4.0
2717	99999.0
2718	4.0
2719	3.0
2720	4.0
2721	3.0
2722	4.0
2723	99999.0
2724	4.0
2725	4.0
2726	3.0
2727	3.0
2728	3.0
2729	4.0
2730	99999.0
2731	4.0
2732	3.0
2733	4.0
2734	4.0
2735	99999.0
2736	99999.0
2737	99999.0
2738	99999.0
2739	3.0
2740	3.0
2741	3.0
2742	4.0
2743	3.0
2744	4.0
2745	3.0
2746	3.0
2747	3.0
2748	3.0
2749	3.0
2750	3.0
2751	3.0
2752	4.0
2753	3.0
2754	4.0
2755	4.0
2756	4.0
2757	3.0
2758	99999.0
2759	4.0
2760	4.0
2761	4.0
2762	4.0
2763	99999.0
2764	99999.0
2765	4.0
2766	99999.0
2767	99999.0
2768	3.0
2769	4.0
2770	4.0
2771	4.0
2772	3.0
2773	99999.0
2774	3.0
2775	3.0
2776	4.0
2777	3.0
2778	3.0
2779	4.0
2780	3.0
2781	4.0
2782	3.0
2783	3.0
2784	3.0
2785	3.0
2786	4.0
2787	3.0
2788	3.0
2789	3.0
2790	3.0
2791	4.0
2792	3.0
2793	4.0
2794	4.0
2795	3.0
2796	4.0
2797	4.0
2798	4.0
2799	3.0
2800	99999.0
2801	99999.0
2802	99999.0
2803	4.0
2804	5.0
2805	4.0
2806	3.0
2807	3.0
2808	4.0
2809	99999.0
2810	99999.0
2811	99999.0
2812	99999.0
2813	99999.0
2814	99999.0
2815	99999.0
2816	99999.0
2817	99999.0
2818	99999.0
2819	2.0
2820	4.0
2821	4.0
2822	4.0
2823	3.0
2824	3.0
2825	99999.0
2826	99999.0
2827	4.0
2828	3.0
2829	4.0
2830	4.0
2831	3.0
2832	3.0
2833	99999.0
2834	3.0
2835	3.0
2836	4.0
2837	4.0
2838	4.0
2839	4.0
2840	4.0
2841	3.0
2842	4.0
2843	3.0
2844	3.0
2845	3.0
2846	4.0
2847	3.0
2848	3.0
2849	4.0
2850	4.0
2851	3.0
2852	4.0
2853	4.0
2854	4.0
2855	4.0
2856	4.0
2857	99999.0
2858	2.0
2859	3.0
2860	3.0
2861	3.0
2862	3.0
2863	3.0
2864	3.0
2865	3.0
2866	3.0
2867	3.0
2868	4.0
2869	4.0
2870	99999.0
2871	99999.0
2872	4.0
2873	99999.0
2874	4.0
2875	3.0
2876	3.0
2877	3.0
2878	3.0
2879	3.0
2880	3.0
2881	2.0
2882	3.0
2883	3.0
2884	3.0
2885	3.0
2886	3.0
2887	3.0
2888	4.0
2889	99999.0
2890	3.0
2891	3.0
2892	4.0
2893	99999.0
2894	3.0
2895	4.0
2896	99999.0
2897	99999.0
2898	4.0
2899	4.0
2900	3.0
2901	99999.0
2902	3.0
2903	4.0
2904	4.0
2905	4.0
2906	4.0
2907	3.0
2908	4.0
2909	4.0
2910	4.0
2911	3.0
2912	4.0
2913	4.0
2914	3.0
2915	99999.0
2916	99999.0
2917	4.0
2918	2.0
2919	4.0
2920	99999.0
2921	5.0
2922	4.0
2923	4.0
2924	5.0
2925	4.0
2926	4.0
2927	5.0
2928	4.0
2929	3.0
2930	3.0
2931	3.0
2932	4.0
2933	3.0
2934	3.0
2935	4.0
2936	99999.0
2937	99999.0
2938	3.0
2939	4.0
2940	3.0
2941	3.0
2942	3.0
2943	3.0
2944	3.0
2945	2.0
2946	3.0
2947	3.0
2948	3.0
2949	3.0
2950	3.0
2951	4.0
2952	4.0
2953	4.0
2954	4.0
2955	4.0
2956	4.0
2957	99999.0
2958	99999.0
2959	99999.0
2960	99999.0
2961	3.0
2962	3.0
2963	99999.0
2964	4.0
2965	3.0
2966	4.0
2967	4.0
2968	99999.0
2969	3.0
2970	3.0
2971	4.0
2972	4.0
2973	99999.0
2974	3.0
2975	3.0
2976	3.0
2977	3.0
2978	99999.0
2979	4.0
2980	99999.0
2981	4.0
2982	99999.0
2983	4.0
2984	4.0
2985	3.0
2986	3.0
2987	4.0
2988	3.0
2989	4.0
2990	3.0
2991	4.0
2992	4.0
2993	4.0
2994	4.0
2995	4.0
2996	4.0
2997	3.0
2998	4.0
2999	4.0
3000	4.0
3001	4.0
3002	4.0
3003	4.0
3004	4.0
3005	4.0
3006	4.0
3007	3.0
3008	4.0
3009	3.0
3010	3.0
3011	3.0
3012	3.0
3013	3.0
3014	4.0
3015	4.0
3016	4.0
3017	3.0
3018	99999.0
3019	99999.0
3020	99999.0
3021	4.0
3022	99999.0
3023	99999.0
3024	4.0
3025	99999.0
3026	99999.0
3027	4.0
3028	3.0
3029	4.0
3030	4.0
3031	4.0
3032	3.0
3033	3.0
3034	99999.0
3035	3.0
3036	99999.0
3037	4.0
3038	4.0
3039	99999.0
3040	99999.0
3041	99999.0
3042	99999.0
3043	99999.0
3044	99999.0
3045	99999.0
3046	99999.0
3047	99999.0
3048	99999.0
3049	4.0
3050	3.0
3051	3.0
3052	3.0
3053	4.0
3054	4.0
3055	4.0
3056	4.0
3057	99999.0
3058	99999.0
3059	99999.0
3060	99999.0
3061	5.0
3062	99999.0
3063	3.0
3064	4.0
3065	3.0
3066	4.0
3067	3.0
3068	4.0
3069	4.0
3070	4.0
3071	4.0
3072	4.0
3073	4.0
3074	99999.0
3075	99999.0
3076	3.0
3077	3.0
3078	3.0
3079	3.0
3080	99999.0
3081	99999.0
3082	3.0
3083	4.0
3084	4.0
3085	4.0
3086	3.0
3087	3.0
3088	3.0
3089	3.0
3090	3.0
3091	3.0
3092	4.0
3093	99999.0
3094	99999.0
3095	4.0
3096	4.0
3097	99999.0
3098	99999.0
3099	3.0
3100	3.0
3101	3.0
3102	3.0
3103	4.0
3104	4.0
3105	4.0
3106	99999.0
3107	99999.0
3108	4.0
3109	5.0
3110	99999.0
3111	99999.0
3112	3.0
3113	3.0
3114	99999.0
3115	3.0
3116	4.0
3117	3.0
3118	3.0
3119	2.0
3120	4.0
3121	3.0
3122	3.0
3123	3.0
3124	4.0
3125	3.0
3126	4.0
3127	4.0
3128	4.0
3129	4.0
3130	3.0
3131	99999.0
3132	4.0
3133	3.0
3134	99999.0
3135	99999.0
3136	3.0
3137	4.0
3138	4.0
3139	99999.0
3140	3.0
3141	3.0
3142	99999.0
3143	99999.0
3144	99999.0
3145	4.0
3146	3.0
3147	4.0
3148	99999.0
3149	3.0
3150	3.0
3151	99999.0
3152	5.0
3153	3.0
3154	3.0
3155	3.0
3156	99999.0
3157	99999.0
3158	99999.0
3159	99999.0
3160	99999.0
3161	99999.0
3162	99999.0
3163	4.0
3164	99999.0
3165	99999.0
3166	99999.0
3167	99999.0
3168	99999.0
3169	99999.0
3170	99999.0
3171	3.0
3172	2.0
3173	3.0
3174	3.0
3175	2.0
3176	3.0
3177	3.0
3178	3.0
3179	3.0
3180	3.0
3181	3.0
3182	3.0
3183	99999.0
3184	99999.0
3185	4.0
3186	3.0
3187	3.0
3188	4.0
3189	3.0
3190	3.0
3191	3.0
3192	3.0
3193	4.0
3194	99999.0
3195	3.0
3196	99999.0
3197	99999.0
3198	4.0
3199	3.0
3200	99999.0
3201	4.0
3202	99999.0
3203	4.0
3204	3.0
3205	4.0
3206	3.0
3207	99999.0
3208	3.0
3209	3.0
3210	3.0
3211	4.0
3212	3.0
3213	3.0
3214	99999.0
3215	99999.0
3216	4.0
3217	3.0
3218	3.0
3219	99999.0
3220	4.0
3221	99999.0
3222	99999.0
3223	99999.0
3224	3.0
3225	4.0
3226	5.0
3227	6.0
3228	4.0
3229	4.0
3230	4.0
3231	4.0
3232	4.0
3233	4.0
3234	4.0
3235	3.0
3236	4.0
3237	2.0
3238	99999.0
3239	3.0
3240	3.0
3241	4.0
3242	3.0
3243	99999.0
3244	99999.0
3245	99999.0
3246	4.0
3247	99999.0
3248	99999.0
3249	3.0
3250	4.0
3251	3.0
3252	4.0
3253	99999.0
3254	4.0
3255	99999.0
3256	4.0
3257	3.0
3258	3.0
3259	4.0
3260	4.0
3261	99999.0
3262	4.0
3263	99999.0
3264	99999.0
3265	99999.0
3266	3.0
3267	4.0
3268	2.0
3269	2.0
3270	99999.0
3271	4.0
3272	5.0
3273	4.0
3274	4.0
3275	3.0
3276	3.0
3277	4.0
3278	99999.0
3279	99999.0
3280	4.0
3281	4.0
3282	4.0
3283	4.0
3284	4.0
3285	4.0
3286	99999.0
3287	4.0
3288	3.0
3289	4.0
3290	99999.0
3291	4.0
3292	4.0
3293	4.0
3294	99999.0
3295	99999.0
3296	3.0
3297	3.0
3298	4.0
3299	99999.0
3300	99999.0
3301	99999.0
3302	99999.0
3303	4.0
3304	3.0
3305	4.0
3306	99999.0
3307	4.0
3308	4.0
3309	4.0
3310	4.0
3311	99999.0
3312	3.0
3313	3.0
3314	3.0
3315	99999.0
3316	3.0
3317	4.0
3318	4.0
3319	2.0
3320	4.0
3321	3.0
3322	99999.0
3323	4.0
3324	3.0
3325	3.0
3326	3.0
3327	3.0
3328	3.0
3329	4.0
3330	4.0
3331	99999.0
3332	99999.0
3333	99999.0
3334	4.0
3335	4.0
3336	4.0
3337	3.0
3338	4.0
3339	99999.0
3340	4.0
3341	5.0
3342	3.0
3343	2.0
3344	3.0
3345	99999.0
3346	99999.0
3347	4.0
3348	3.0
3349	4.0
3350	3.0
3351	99999.0
3352	99999.0
3353	99999.0
3354	99999.0
3355	99999.0
3356	4.0
3357	4.0
3358	99999.0
3359	99999.0
3360	4.0
3361	99999.0
3362	3.0
3363	99999.0
3364	99999.0
3365	99999.0
3366	99999.0
3367	3.0
3368	99999.0
3369	99999.0
3370	4.0
3371	99999.0
3372	4.0
3373	99999.0
3374	99999.0
3375	99999.0
3376	3.0
3377	3.0
3378	3.0
3379	3.0
3380	2.0
3381	3.0
3382	2.0
3383	3.0
3384	3.0
3385	2.0
3386	3.0
3387	3.0
3388	3.0
3389	3.0
3390	3.0
3391	3.0
3392	3.0
3393	2.0
3394	3.0
3395	3.0
3396	3.0
3397	3.0
3398	3.0
3399	3.0
3400	3.0
3401	3.0
3402	3.0
3403	3.0
3404	3.0
3405	3.0
3406	3.0
3407	3.0
3408	3.0
3409	3.0
3410	3.0
3411	3.0
3412	3.0
3413	3.0
3414	3.0
3415	3.0
3416	3.0
3417	3.0
3418	3.0
3419	3.0
3420	3.0
3421	3.0
3422	3.0
3423	3.0
3424	3.0
3425	3.0
3426	3.0
3427	3.0
3428	3.0
3429	3.0
3430	3.0
3431	3.0
3432	3.0
3433	3.0
3434	3.0
3435	3.0
3436	3.0
3437	3.0
3438	3.0
3439	3.0
3440	3.0
3441	3.0
3442	3.0
3443	3.0
3444	3.0
3445	3.0
3446	3.0
3447	3.0
3448	3.0
3449	3.0
3450	3.0
3451	3.0
3452	3.0
3453	3.0
3454	3.0
3455	3.0
3456	99999.0
3457	99999.0
3458	5.0
3459	99999.0
3460	99999.0
3461	4.0
3462	5.0
3463	3.0
3464	3.0
3465	4.0
3466	4.0
3467	3.0
3468	4.0
3469	4.0
3470	4.0
3471	4.0
3472	99999.0
3473	99999.0
3474	3.0
3475	3.0
3476	3.0
3477	3.0
3478	3.0
3479	99999.0
3480	4.0
3481	4.0
3482	3.0
3483	4.0
3484	3.0
3485	4.0
3486	4.0
3487	4.0
3488	5.0
3489	5.0
3490	2.0
3491	2.0
3492	99999.0
3493	99999.0
3494	99999.0
3495	4.0
3496	99999.0
3497	4.0
3498	5.0
3499	99999.0
3500	99999.0
3501	3.0
3502	99999.0
3503	4.0
3504	99999.0
3505	4.0
3506	99999.0
3507	3.0
3508	4.0
3509	3.0
3510	4.0
3511	4.0
3512	99999.0
3513	99999.0
3514	4.0
3515	99999.0
3516	99999.0
3517	4.0
3518	99999.0
3519	3.0
3520	2.0
3521	4.0
3522	99999.0
3523	99999.0
3524	4.0
3525	4.0
3526	4.0
3527	4.0
3528	99999.0
3529	99999.0
3530	4.0
3531	4.0
3532	4.0
3533	99999.0
3534	3.0
3535	99999.0
3536	99999.0
3537	3.0
3538	3.0
3539	99999.0
3540	99999.0
3541	3.0
3542	3.0
3543	3.0
3544	3.0
3545	3.0
3546	3.0
3547	4.0
3548	99999.0
3549	5.0
3550	99999.0
3551	99999.0
3552	99999.0
3553	4.0
3554	99999.0
3555	4.0
3556	4.0
3557	99999.0
3558	3.0
3559	4.0
3560	4.0
3561	5.0
3562	3.0
3563	99999.0
3564	3.0
3565	4.0
3566	3.0
3567	99999.0
3568	99999.0
3569	4.0
3570	99999.0
3571	99999.0
3572	4.0
3573	4.0
3574	4.0
3575	99999.0
3576	4.0
3577	99999.0
3578	3.0
3579	4.0
3580	99999.0
3581	99999.0
3582	99999.0
3583	99999.0
3584	99999.0
3585	3.0
3586	3.0
3587	3.0
3588	99999.0
3589	99999.0
3590	4.0
3591	3.0
3592	3.0
3593	4.0
3594	99999.0
3595	99999.0
3596	99999.0
3597	4.0
3598	4.0
3599	3.0
3600	4.0
3601	4.0
3602	4.0
3603	99999.0
3604	4.0
3605	99999.0
3606	4.0
3607	4.0
3608	4.0
3609	4.0
3610	5.0
3611	4.0
3612	4.0
3613	5.0
3614	4.0
3615	3.0
3616	4.0
3617	4.0
3618	5.0
3619	99999.0
3620	99999.0
3621	4.0
3622	3.0
3623	4.0
3624	99999.0
3625	4.0
3626	99999.0
3627	5.0
3628	99999.0
3629	2.0
3630	99999.0
3631	99999.0
3632	99999.0
3633	99999.0
3634	99999.0
3635	3.0
3636	99999.0
3637	99999.0
3638	99999.0
3639	4.0
3640	3.0
3641	4.0
3642	4.0
3643	4.0
3644	4.0
3645	4.0
3646	99999.0
3647	4.0
3648	99999.0
3649	3.0
3650	99999.0
3651	3.0
3652	4.0
3653	99999.0
3654	99999.0
3655	3.0
3656	99999.0
3657	99999.0
3658	99999.0
3659	4.0
3660	4.0
3661	4.0
3662	99999.0
3663	4.0
3664	4.0
3665	99999.0
3666	4.0
3667	4.0
3668	4.0
3669	4.0
3670	5.0
3671	4.0
3672	5.0
3673	99999.0
3674	99999.0
3675	4.0
3676	3.0
3677	4.0
3678	3.0
3679	4.0
3680	2.0
3681	99999.0
3682	99999.0
3683	5.0
3684	99999.0
3685	99999.0
3686	99999.0
3687	99999.0
3688	6.0
3689	99999.0
3690	99999.0
3691	99999.0
3692	99999.0
3693	99999.0
3694	99999.0
3695	99999.0
3696	99999.0
3697	99999.0
3698	99999.0
3699	4.0
3700	99999.0
3701	99999.0
3702	5.0
3703	5.0
3704	3.0
3705	4.0
3706	4.0
3707	4.0
3708	4.0
3709	99999.0
3710	99999.0
3711	99999.0
3712	99999.0
3713	99999.0
3714	99999.0
3715	99999.0
3716	4.0
3717	3.0
3718	4.0
3719	99999.0
3720	99999.0
3721	99999.0
3722	99999.0
3723	99999.0
3724	99999.0
3725	4.0
3726	99999.0
3727	99999.0
3728	4.0
3729	3.0
3730	4.0
3731	4.0
3732	3.0
3733	99999.0
3734	99999.0
3735	99999.0
3736	4.0
3737	3.0
3738	99999.0
3739	4.0
3740	3.0
3741	5.0
3742	4.0
3743	3.0
3744	4.0
3745	99999.0
3746	99999.0
3747	99999.0
3748	99999.0
3749	3.0
3750	4.0
3751	99999.0
3752	99999.0
3753	4.0
3754	4.0
3755	4.0
3756	99999.0
3757	99999.0
3758	4.0
3759	5.0
3760	99999.0
3761	4.0
3762	99999.0
3763	4.0
3764	5.0
3765	5.0
3766	4.0
3767	99999.0
3768	4.0
3769	4.0
3770	3.0
3771	99999.0
3772	4.0
3773	99999.0
3774	4.0
3775	99999.0
3776	3.0
3777	99999.0
3778	4.0
3779	99999.0
3780	99999.0
3781	3.0
3782	4.0
3783	99999.0
3784	5.0
3785	99999.0
3786	3.0
3787	4.0
3788	99999.0
3789	99999.0
3790	99999.0
3791	4.0
3792	4.0
3793	4.0
3794	99999.0
3795	4.0
3796	99999.0
3797	3.0
3798	99999.0
3799	4.0
3800	99999.0
3801	4.0
3802	3.0
3803	3.0
3804	4.0
3805	4.0
3806	99999.0
3807	3.0
3808	4.0
3809	4.0
3810	99999.0
3811	99999.0
3812	4.0
3813	99999.0
3814	3.0
3815	99999.0
3816	99999.0
3817	99999.0
3818	99999.0
3819	99999.0
3820	3.0
3821	4.0
3822	4.0
3823	99999.0
3824	4.0
3825	99999.0
3826	3.0
3827	3.0
3828	99999.0
3829	99999.0
3830	99999.0
3831	99999.0
3832	99999.0
3833	99999.0
3834	99999.0
3835	99999.0
3836	99999.0
3837	4.0
3838	4.0
3839	4.0
3840	3.0
3841	99999.0
3842	99999.0
3843	99999.0
3844	99999.0
3845	3.0
3846	99999.0
3847	99999.0
3848	99999.0
3849	5.0
3850	3.0
3851	99999.0
3852	3.0
3853	3.0
3854	99999.0
3855	3.0
3856	3.0
3857	99999.0
3858	99999.0
3859	99999.0
3860	99999.0
3861	4.0
3862	4.0
3863	3.0
3864	4.0
3865	99999.0
3866	4.0
3867	99999.0
3868	99999.0
3869	99999.0
3870	99999.0
3871	99999.0
3872	4.0
3873	99999.0
3874	99999.0
3875	99999.0
3876	99999.0
3877	99999.0
3878	99999.0
3879	99999.0
3880	4.0
3881	99999.0
3882	99999.0
3883	99999.0
3884	4.0
3885	4.0
3886	99999.0
3887	4.0
3888	4.0
3889	99999.0
3890	3.0
3891	4.0
3892	3.0
3893	99999.0
3894	3.0
3895	4.0
3896	4.0
3897	3.0
3898	4.0
3899	99999.0
3900	99999.0
3901	99999.0
3902	99999.0
3903	99999.0
3904	3.0
3905	3.0
3906	3.0
3907	3.0
3908	3.0
3909	3.0
3910	3.0
3911	3.0
3912	3.0
3913	3.0
3914	3.0
3915	3.0
3916	3.0
3917	3.0
3918	3.0
3919	3.0
3920	3.0
3921	3.0
3922	3.0
3923	3.0
3924	3.0
3925	3.0
3926	3.0
3927	3.0
3928	3.0
3929	3.0
3930	3.0
3931	3.0
3932	3.0
3933	3.0
3934	3.0
3935	4.0
3936	4.0
3937	4.0
3938	99999.0
3939	99999.0
3940	4.0
3941	99999.0
3942	99999.0
3943	99999.0
3944	99999.0
3945	99999.0
3946	99999.0
3947	5.0
3948	4.0
3949	3.0
3950	4.0
3951	4.0
3952	99999.0
3953	99999.0
3954	4.0
3955	99999.0
3956	99999.0
3957	99999.0
3958	99999.0
3959	99999.0
3960	99999.0
3961	3.0
3962	4.0
3963	5.0
3964	99999.0
3965	99999.0
3966	99999.0
3967	99999.0
3968	99999.0
3969	99999.0
3970	4.0
3971	4.0
3972	5.0
3973	99999.0
3974	99999.0
3975	99999.0
3976	99999.0
3977	99999.0
3978	99999.0
3979	99999.0
3980	99999.0
3981	99999.0
3982	4.0
3983	5.0
3984	99999.0
3985	99999.0
3986	3.0
3987	99999.0
3988	99999.0
3989	99999.0
3990	5.0
3991	99999.0
3992	99999.0
3993	99999.0
3994	99999.0
3995	3.0
3996	3.0
3997	99999.0
3998	99999.0
3999	99999.0
4000	99999.0
4001	99999.0
4002	2.0
4003	3.0
4004	3.0
4005	4.0
4006	4.0
4007	99999.0
4008	4.0
4009	3.0
4010	3.0
4011	99999.0
4012	4.0
4013	99999.0
4014	99999.0
4015	5.0
4016	5.0
4017	99999.0
4018	99999.0
4019	4.0
4020	4.0
4021	4.0
4022	3.0
4023	4.0
4024	4.0
4025	4.0
4026	4.0
4027	4.0
4028	4.0
4029	3.0
4030	4.0
4031	4.0
4032	4.0
4033	4.0
4034	4.0
4035	4.0
4036	99999.0
4037	3.0
4038	4.0
4039	99999.0
4040	99999.0
4041	4.0
4042	99999.0
4043	4.0
4044	99999.0
4045	99999.0
4046	3.0
4047	4.0
4048	99999.0
4049	99999.0
4050	99999.0
4051	4.0
4052	4.0
4053	5.0
4054	99999.0
4055	99999.0
4056	99999.0
4057	4.0
4058	99999.0
4059	99999.0
4060	4.0
4061	99999.0
4062	4.0
4063	4.0
4064	99999.0
4065	99999.0
4066	3.0
4067	3.0
4068	99999.0
4069	3.0
4070	99999.0
4071	3.0
4072	99999.0
4073	3.0
4074	4.0
4075	4.0
4076	3.0
4077	3.0
4078	3.0
4079	99999.0
4080	99999.0
4081	4.0
4082	99999.0
4083	3.0
4084	99999.0
4085	4.0
4086	99999.0
4087	4.0
4088	99999.0
4089	99999.0
4090	99999.0
4091	4.0
4092	99999.0
4093	99999.0
4094	4.0
4095	99999.0
4096	3.0
4097	4.0
4098	3.0
4099	4.0
4100	4.0
4101	4.0
4102	4.0
4103	99999.0
4104	99999.0
4105	99999.0
4106	4.0
4107	3.0
4108	99999.0
4109	99999.0
4110	99999.0
4111	4.0
4112	5.0
4113	5.0
4114	3.0
4115	4.0
4116	4.0
4117	4.0
4118	99999.0
4119	4.0
4120	4.0
4121	4.0
4122	4.0
4123	99999.0
4124	4.0
4125	4.0
4126	4.0
4127	99999.0
4128	99999.0
4129	5.0
4130	4.0
4131	4.0
4132	3.0
4133	4.0
4134	99999.0
4135	4.0
4136	99999.0
4137	99999.0
4138	99999.0
4139	99999.0
4140	4.0
4141	4.0
4142	4.0
4143	99999.0
4144	4.0
4145	4.0
4146	4.0
4147	3.0
4148	4.0
4149	4.0
4150	3.0
4151	4.0
4152	4.0
4153	4.0
4154	99999.0
4155	5.0
4156	4.0
4157	6.0
4158	6.0
4159	4.0
4160	5.0
4161	99999.0
4162	99999.0
4163	4.0
4164	5.0
4165	3.0
4166	4.0
4167	3.0
4168	5.0
4169	6.0
4170	4.0
4171	4.0
4172	99999.0
4173	4.0
4174	99999.0
4175	4.0
4176	99999.0
4177	99999.0
4178	4.0
4179	3.0
4180	99999.0
4181	99999.0
4182	4.0
4183	3.0
4184	4.0
4185	4.0
4186	2.0
4187	99999.0
4188	99999.0
4189	3.0
4190	99999.0
4191	3.0
4192	99999.0
4193	5.0
4194	3.0
4195	99999.0
4196	4.0
4197	99999.0
4198	3.0
4199	99999.0
4200	3.0
4201	3.0
4202	4.0
4203	99999.0
4204	3.0
4205	3.0
4206	3.0
4207	3.0
4208	3.0
4209	3.0
4210	4.0
4211	99999.0
4212	99999.0
4213	5.0
4214	3.0
4215	4.0
4216	4.0
4217	4.0
4218	4.0
4219	4.0
4220	4.0
4221	3.0
4222	4.0
4223	4.0
4224	99999.0
4225	3.0
4226	3.0
4227	3.0
4228	99999.0
4229	99999.0
4230	4.0
4231	4.0
4232	4.0
4233	99999.0
4234	99999.0
4235	99999.0
4236	3.0
4237	4.0
4238	4.0
4239	4.0
4240	99999.0
4241	99999.0
4242	99999.0
4243	5.0
4244	99999.0
4245	4.0
4246	99999.0
4247	99999.0
4248	99999.0
4249	5.0
4250	99999.0
4251	3.0
4252	99999.0
4253	5.0
4254	4.0
4255	4.0
4256	99999.0
4257	4.0
4258	5.0
4259	5.0
4260	3.0
4261	4.0
4262	5.0
4263	5.0
4264	99999.0
4265	99999.0
4266	4.0
4267	99999.0
4268	99999.0
4269	99999.0
4270	4.0
4271	2.0
4272	99999.0
4273	3.0
4274	99999.0
4275	99999.0
4276	2.0
4277	4.0
4278	4.0
4279	99999.0
4280	99999.0
4281	4.0
4282	99999.0
4283	4.0
4284	99999.0
4285	4.0
4286	4.0
4287	99999.0
4288	4.0
4289	5.0
4290	5.0
4291	5.0
4292	99999.0
4293	99999.0
4294	3.0
4295	99999.0
4296	4.0
4297	99999.0
4298	99999.0
4299	99999.0
4300	99999.0
4301	99999.0
4302	3.0
4303	4.0
4304	99999.0
4305	99999.0
4306	99999.0
4307	5.0
4308	5.0
4309	99999.0
4310	99999.0
4311	99999.0
4312	4.0
4313	99999.0
4314	4.0
4315	4.0
4316	4.0
4317	99999.0
4318	99999.0
4319	99999.0
4320	99999.0
4321	3.0
4322	4.0
4323	99999.0
4324	99999.0
4325	99999.0
4326	5.0
4327	3.0
4328	5.0
4329	4.0
4330	99999.0
4331	99999.0
4332	4.0
4333	3.0
4334	99999.0
4335	99999.0
4336	4.0
4337	99999.0
4338	99999.0
4339	99999.0
4340	99999.0
4341	99999.0
4342	3.0
4343	3.0
4344	3.0
4345	4.0
4346	4.0
4347	4.0
4348	4.0
4349	3.0
4350	4.0
4351	4.0
4352	4.0
4353	3.0
4354	99999.0
4355	99999.0
4356	99999.0
4357	4.0
4358	99999.0
4359	99999.0
4360	4.0
4361	99999.0
4362	99999.0
4363	4.0
4364	4.0
4365	4.0
4366	4.0
4367	99999.0
4368	4.0
4369	5.0
4370	99999.0
4371	4.0
4372	99999.0
4373	4.0
4374	99999.0
4375	99999.0
4376	99999.0
4377	99999.0
4378	4.0
4379	3.0
4380	99999.0
4381	99999.0
4382	4.0
4383	5.0
4384	4.0
4385	4.0
4386	4.0
4387	99999.0
4388	99999.0
4389	3.0
4390	99999.0
4391	99999.0
4392	99999.0
4393	99999.0
4394	4.0
4395	3.0
4396	3.0
4397	4.0
4398	3.0
4399	3.0
4400	3.0
4401	99999.0
4402	99999.0
4403	99999.0
4404	99999.0
4405	4.0
4406	3.0
4407	4.0
4408	4.0
4409	99999.0
4410	4.0
4411	99999.0
4412	4.0
4413	4.0
4414	4.0
4415	5.0
4416	99999.0
4417	99999.0
4418	99999.0
4419	5.0
4420	99999.0
4421	99999.0
4422	99999.0
4423	4.0
4424	4.0
4425	4.0
4426	4.0
4427	4.0
4428	4.0
4429	99999.0
4430	99999.0
4431	99999.0
4432	3.0
4433	3.0
4434	3.0
4435	99999.0
4436	99999.0
4437	99999.0
4438	99999.0
4439	99999.0
4440	99999.0
4441	99999.0
4442	3.0
4443	4.0
4444	99999.0
4445	99999.0
4446	99999.0
4447	99999.0
4448	4.0
4449	99999.0
4450	99999.0
4451	99999.0
4452	99999.0
4453	99999.0
4454	99999.0
4455	4.0
4456	3.0
4457	99999.0
4458	99999.0
4459	4.0
4460	99999.0
4461	3.0
4462	4.0
4463	99999.0
4464	4.0
4465	4.0
4466	99999.0
4467	99999.0
4468	3.0
4469	99999.0
4470	4.0
4471	4.0
4472	3.0
4473	99999.0
4474	4.0
4475	99999.0
4476	99999.0
4477	99999.0
4478	99999.0
4479	99999.0
4480	99999.0
4481	99999.0
4482	99999.0
4483	99999.0
4484	99999.0
4485	4.0
4486	4.0
4487	99999.0
4488	99999.0
4489	99999.0
4490	4.0
4491	4.0
4492	4.0
4493	4.0
4494	99999.0
4495	99999.0
4496	3.0
4497	3.0
4498	99999.0
4499	4.0
4500	99999.0
4501	99999.0
4502	99999.0
4503	99999.0
4504	99999.0
4505	4.0
4506	5.0
4507	4.0
4508	4.0
4509	4.0
4510	4.0
4511	3.0
4512	3.0
4513	4.0
4514	3.0
4515	4.0
4516	3.0
4517	4.0
4518	4.0
4519	4.0
4520	4.0
4521	99999.0
4522	99999.0
4523	4.0
4524	99999.0
4525	99999.0
4526	3.0
4527	3.0
4528	3.0
4529	3.0
4530	99999.0
4531	99999.0
4532	99999.0
4533	99999.0
4534	3.0
4535	99999.0
4536	99999.0
4537	99999.0
4538	99999.0
4539	3.0
4540	3.0
4541	99999.0
4542	4.0
4543	3.0
4544	3.0
4545	4.0
4546	4.0
4547	3.0
4548	3.0
4549	99999.0
4550	99999.0
4551	99999.0
4552	99999.0
4553	99999.0
4554	99999.0
4555	99999.0
4556	99999.0
4557	4.0
4558	99999.0
4559	3.0
4560	99999.0
4561	99999.0
4562	99999.0
4563	99999.0
4564	4.0
4565	4.0
4566	99999.0
4567	99999.0
4568	99999.0
4569	99999.0
4570	99999.0
4571	99999.0
4572	99999.0
4573	99999.0
4574	4.0
4575	4.0
4576	4.0
4577	99999.0
4578	99999.0
4579	99999.0
4580	3.0
4581	3.0
4582	4.0
4583	3.0
4584	99999.0
4585	99999.0
4586	99999.0
4587	99999.0
4588	99999.0
4589	99999.0
4590	99999.0
4591	4.0
4592	99999.0
4593	4.0
4594	99999.0
4595	99999.0
4596	4.0
4597	3.0
4598	4.0
4599	3.0
4600	4.0
4601	4.0
4602	4.0
4603	4.0
4604	4.0
4605	4.0
4606	4.0
4607	4.0
4608	4.0
4609	4.0
4610	99999.0
4611	4.0
4612	4.0
4613	99999.0
4614	99999.0
4615	3.0
4616	4.0
4617	99999.0
4618	99999.0
4619	4.0
4620	99999.0
4621	4.0
4622	4.0
4623	4.0
4624	99999.0
4625	3.0
4626	99999.0
4627	4.0
4628	3.0
4629	3.0
4630	99999.0
4631	99999.0
4632	3.0
4633	4.0
4634	99999.0
4635	4.0
4636	99999.0
4637	3.0
4638	99999.0
4639	99999.0
4640	4.0
4641	99999.0
4642	3.0
4643	3.0
4644	3.0
4645	3.0
4646	99999.0
4647	99999.0
4648	4.0
4649	99999.0
4650	4.0
4651	99999.0
4652	3.0
4653	3.0
4654	3.0
4655	3.0
4656	4.0
4657	5.0
4658	99999.0
4659	99999.0
4660	3.0
4661	99999.0
4662	4.0
4663	3.0
4664	4.0
4665	5.0
4666	99999.0
4667	99999.0
4668	99999.0
4669	99999.0
4670	4.0
4671	3.0
4672	99999.0
4673	99999.0
4674	4.0
4675	3.0
4676	99999.0
4677	99999.0
4678	99999.0
4679	4.0
4680	4.0
4681	5.0
4682	99999.0
4683	99999.0
4684	99999.0
4685	99999.0
4686	4.0
4687	99999.0
4688	4.0
4689	4.0
4690	4.0
4691	4.0
4692	4.0
4693	99999.0
4694	4.0
4695	4.0
4696	3.0
4697	3.0
4698	99999.0
4699	5.0
4700	3.0
4701	99999.0
4702	99999.0
4703	3.0
4704	4.0
4705	99999.0
4706	99999.0
4707	99999.0
4708	99999.0
4709	99999.0
4710	99999.0
4711	99999.0
4712	3.0
4713	4.0
4714	4.0
4715	99999.0
4716	4.0
4717	4.0
4718	99999.0
4719	99999.0
4720	4.0
4721	4.0
4722	99999.0
4723	99999.0
4724	4.0
4725	99999.0
4726	3.0
4727	99999.0
4728	99999.0
4729	4.0
4730	99999.0
4731	99999.0
4732	99999.0
4733	99999.0
4734	99999.0
4735	99999.0
4736	99999.0
4737	4.0
4738	4.0
4739	4.0
4740	4.0
4741	4.0
4742	4.0
4743	4.0
4744	3.0
4745	4.0
4746	4.0
4747	4.0
4748	3.0
4749	2.0
4750	99999.0
4751	3.0
4752	99999.0
4753	4.0
4754	4.0
4755	99999.0
4756	99999.0
4757	99999.0
4758	99999.0
4759	99999.0
4760	99999.0
4761	99999.0
4762	99999.0
4763	4.0
4764	4.0
4765	4.0
4766	4.0
4767	4.0
4768	4.0
4769	4.0
4770	4.0
4771	4.0
4772	4.0
4773	4.0
4774	4.0
4775	4.0
4776	99999.0
4777	99999.0
4778	99999.0
4779	4.0
4780	3.0
4781	4.0
4782	4.0
4783	4.0
4784	4.0
4785	4.0
4786	99999.0
4787	4.0
4788	99999.0
4789	99999.0
4790	99999.0
4791	99999.0
4792	99999.0
4793	99999.0
4794	99999.0
4795	3.0
4796	99999.0
4797	99999.0
4798	99999.0
4799	99999.0
4800	4.0
4801	4.0
4802	4.0
4803	4.0
4804	4.0
4805	4.0
4806	99999.0
4807	99999.0
4808	99999.0
4809	4.0
4810	99999.0
4811	4.0
4812	99999.0
4813	99999.0
4814	99999.0
4815	99999.0
4816	99999.0
4817	99999.0
4818	99999.0
4819	99999.0
4820	99999.0
4821	99999.0
4822	99999.0
4823	3.0
4824	99999.0
4825	99999.0
4826	99999.0
4827	99999.0
4828	99999.0
4829	99999.0
4830	4.0
4831	99999.0
4832	4.0
4833	99999.0
4834	99999.0
4835	3.0
4836	99999.0
4837	99999.0
4838	5.0
4839	5.0
4840	99999.0
4841	99999.0
4842	99999.0
4843	99999.0
4844	3.0
4845	4.0
4846	99999.0
4847	99999.0
4848	4.0
4849	5.0
4850	5.0
4851	4.0
4852	99999.0
4853	99999.0
4854	4.0
4855	99999.0
4856	99999.0
4857	99999.0
4858	99999.0
4859	99999.0
4860	4.0
4861	4.0
4862	3.0
4863	4.0
4864	99999.0
4865	3.0
4866	99999.0
4867	99999.0
4868	3.0
4869	3.0
4870	99999.0
4871	99999.0
4872	3.0
4873	99999.0
4874	99999.0
4875	99999.0
4876	3.0
4877	3.0
4878	3.0
4879	3.0
4880	3.0
4881	3.0
4882	3.0
4883	3.0
4884	3.0
4885	2.0
4886	3.0
4887	3.0
4888	3.0
4889	3.0
4890	3.0
4891	3.0
4892	3.0
4893	3.0
4894	3.0
4895	3.0
4896	3.0
4897	3.0
4898	3.0
4899	3.0
4900	3.0
4901	3.0
4902	3.0
4903	3.0
4904	3.0
4905	3.0
4906	3.0
4907	3.0
4908	3.0
4909	3.0
4910	3.0
4911	3.0
4912	3.0
4913	3.0
4914	3.0
4915	3.0
4916	3.0
4917	3.0
4918	3.0
4919	3.0
4920	3.0
4921	3.0
4922	3.0
4923	3.0
4924	3.0
4925	3.0
4926	3.0
4927	4.0
4928	99999.0
4929	99999.0
4930	3.0
4931	99999.0
4932	99999.0
4933	99999.0
4934	4.0
4935	4.0
4936	4.0
4937	4.0
4938	4.0
4939	4.0
4940	3.0
4941	4.0
4942	3.0
4943	4.0
4944	99999.0
4945	99999.0
4946	4.0
4947	99999.0
4948	99999.0
4949	4.0
4950	4.0
4951	5.0
4952	99999.0
4953	3.0
4954	3.0
4955	3.0
4956	3.0
4957	3.0
4958	3.0
4959	4.0
4960	99999.0
4961	99999.0
4962	5.0
4963	99999.0
4964	3.0
4965	4.0
4966	4.0
4967	99999.0
4968	5.0
4969	99999.0
4970	3.0
4971	99999.0
4972	99999.0
4973	4.0
4974	4.0
4975	5.0
4976	99999.0
4977	3.0
4978	99999.0
4979	4.0
4980	4.0
4981	3.0
4982	3.0
4983	3.0
4984	3.0
4985	3.0
4986	3.0
4987	3.0
4988	99999.0
4989	99999.0
4990	3.0
4991	99999.0
4992	99999.0
4993	99999.0
4994	4.0
4995	5.0
4996	99999.0
4997	4.0
4998	99999.0
4999	99999.0
5000	99999.0
5001	99999.0
5002	3.0
5003	99999.0
5004	4.0
5005	99999.0
5006	99999.0
5007	4.0
5008	4.0
5009	99999.0
5010	4.0
5011	4.0
5012	4.0
5013	4.0
5014	4.0
5015	4.0
5016	4.0
5017	4.0
5018	4.0
5019	4.0
5020	4.0
5021	4.0
5022	4.0
5023	4.0
5024	99999.0
5025	99999.0
5026	4.0
5027	4.0
5028	99999.0
5029	4.0
5030	4.0
5031	4.0
5032	4.0
5033	4.0
5034	4.0
5035	4.0
5036	4.0
5037	4.0
5038	4.0
5039	4.0
5040	4.0
5041	4.0
5042	4.0
5043	4.0
5044	4.0
5045	4.0
5046	4.0
5047	4.0
5048	4.0
5049	4.0
5050	4.0
5051	4.0
5052	4.0
5053	4.0
5054	4.0
5055	3.0
5056	3.0
5057	4.0
5058	99999.0
5059	4.0
5060	4.0
5061	4.0
5062	4.0
5063	99999.0
5064	4.0
5065	99999.0
5066	99999.0
5067	99999.0
5068	99999.0
5069	4.0
5070	99999.0
5071	99999.0
5072	4.0
5073	5.0
5074	99999.0
5075	99999.0
5076	5.0
5077	4.0
5078	99999.0
5079	99999.0
5080	99999.0
5081	99999.0
5082	99999.0
5083	4.0
5084	4.0
5085	99999.0
5086	99999.0
5087	99999.0
5088	99999.0
5089	99999.0
5090	99999.0
5091	99999.0
5092	99999.0
5093	4.0
5094	4.0
5095	4.0
5096	99999.0
5097	99999.0
5098	99999.0
5099	99999.0
5100	4.0
5101	99999.0
5102	99999.0
5103	99999.0
5104	99999.0
5105	99999.0
5106	99999.0
5107	99999.0
5108	5.0
5109	99999.0
5110	4.0
5111	99999.0
5112	4.0
5113	4.0
5114	4.0
5115	99999.0
5116	99999.0
5117	99999.0
5118	5.0
5119	99999.0
5120	4.0
5121	99999.0
5122	99999.0
5123	99999.0
5124	2.0
5125	99999.0
5126	4.0
5127	4.0
5128	4.0
5129	4.0
5130	99999.0
5131	99999.0
5132	99999.0
5133	99999.0
5134	99999.0
5135	4.0
5136	99999.0
5137	3.0
5138	99999.0
5139	5.0
5140	99999.0
5141	99999.0
5142	99999.0
5143	99999.0
5144	99999.0
5145	99999.0
5146	4.0
5147	4.0
5148	99999.0
5149	99999.0
5150	99999.0
5151	99999.0
5152	99999.0
5153	5.0
5154	99999.0
5155	99999.0
5156	99999.0
5157	99999.0
5158	99999.0
5159	99999.0
5160	99999.0
5161	4.0
5162	99999.0
5163	4.0
5164	99999.0
5165	3.0
5166	5.0
5167	99999.0
5168	99999.0
5169	99999.0
5170	99999.0
5171	99999.0
5172	4.0
5173	99999.0
5174	99999.0
5175	99999.0
5176	99999.0
5177	99999.0
5178	99999.0
5179	99999.0
5180	3.0
5181	99999.0
5182	99999.0
5183	99999.0
5184	99999.0
5185	3.0
5186	99999.0
5187	99999.0
5188	99999.0
5189	99999.0
5190	4.0
5191	4.0
5192	99999.0
5193	4.0
5194	4.0
5195	4.0
5196	4.0
5197	4.0
5198	99999.0
5199	99999.0
5200	99999.0
5201	4.0
5202	99999.0
5203	99999.0
5204	99999.0
5205	4.0
5206	4.0
5207	99999.0
5208	99999.0
5209	99999.0
5210	4.0
5211	99999.0
5212	99999.0
5213	99999.0
5214	99999.0
5215	99999.0
5216	99999.0
5217	99999.0
5218	99999.0
5219	99999.0
5220	99999.0
5221	5.0
5222	99999.0
5223	99999.0
5224	99999.0
5225	99999.0
5226	99999.0
5227	99999.0
5228	99999.0
5229	99999.0
5230	99999.0
5231	99999.0
5232	99999.0
5233	99999.0
5234	99999.0
5235	99999.0
5236	4.0
5237	99999.0
5238	99999.0
5239	2.0
5240	2.0
5241	2.0
5242	2.0
5243	99999.0
5244	4.0
5245	99999.0
5246	4.0
5247	99999.0
5248	99999.0
5249	99999.0
5250	3.0
5251	99999.0
5252	99999.0
5253	99999.0
5254	99999.0
5255	99999.0
5256	4.0
5257	99999.0
5258	99999.0
5259	99999.0
5260	99999.0
5261	99999.0
5262	99999.0
5263	99999.0
5264	99999.0
5265	99999.0
5266	3.0
5267	3.0
5268	3.0
5269	99999.0
5270	4.0
5271	4.0
5272	4.0
5273	4.0
5274	4.0
5275	4.0
5276	99999.0
5277	99999.0
5278	5.0
5279	99999.0
5280	99999.0
5281	99999.0
5282	99999.0
5283	99999.0
5284	99999.0
5285	99999.0
5286	99999.0
5287	99999.0
5288	99999.0
5289	4.0
5290	99999.0
5291	99999.0
5292	99999.0
5293	99999.0
5294	99999.0
5295	4.0
5296	99999.0
5297	99999.0
5298	99999.0
5299	99999.0
5300	99999.0
5301	99999.0
5302	99999.0
5303	99999.0
5304	99999.0
5305	99999.0
5306	4.0
5307	4.0
5308	4.0
5309	99999.0
5310	4.0
5311	99999.0
5312	99999.0
5313	99999.0
5314	99999.0
5315	5.0
5316	99999.0
5317	5.0
5318	5.0
5319	99999.0
5320	99999.0
5321	4.0
5322	99999.0
5323	99999.0
5324	99999.0
5325	4.0
5326	4.0
5327	4.0
5328	5.0
5329	99999.0
5330	99999.0
5331	99999.0
5332	99999.0
5333	99999.0
5334	99999.0
5335	99999.0
5336	99999.0
5337	99999.0
5338	99999.0
5339	99999.0
5340	99999.0
5341	99999.0
5342	99999.0
5343	99999.0
5344	99999.0
5345	99999.0
5346	4.0
5347	99999.0
5348	99999.0
5349	4.0
5350	99999.0
5351	99999.0
5352	99999.0
5353	99999.0
5354	99999.0
5355	99999.0
5356	4.0
5357	4.0
5358	4.0
5359	4.0
5360	4.0
5361	99999.0
5362	4.0
5363	3.0
5364	99999.0
5365	99999.0
5366	99999.0
5367	99999.0
5368	4.0
5369	99999.0
5370	99999.0
5371	99999.0
5372	99999.0
5373	4.0
5374	4.0
5375	4.0
5376	99999.0
5377	4.0
5378	99999.0
5379	99999.0
5380	99999.0
5381	99999.0
5382	99999.0
5383	99999.0
5384	4.0
5385	4.0
5386	4.0
5387	99999.0
5388	4.0
5389	99999.0
5390	3.0
5391	99999.0
5392	99999.0
5393	4.0
5394	4.0
5395	3.0
5396	99999.0
5397	99999.0
5398	99999.0
5399	99999.0
5400	99999.0
5401	99999.0
5402	99999.0
5403	4.0
5404	99999.0
5405	99999.0
5406	99999.0
5407	99999.0
5408	4.0
5409	99999.0
5410	99999.0
5411	99999.0
5412	99999.0
5413	99999.0
5414	99999.0
5415	99999.0
5416	99999.0
5417	99999.0
5418	99999.0
5419	99999.0
5420	5.0
5421	3.0
5422	4.0
5423	99999.0
5424	99999.0
5425	3.0
5426	3.0
5427	99999.0
5428	99999.0
5429	99999.0
5430	4.0
5431	4.0
5432	99999.0
5433	99999.0
5434	5.0
5435	5.0
5436	5.0
5437	4.0
5438	3.0
5439	99999.0
5440	99999.0
5441	4.0
5442	4.0
5443	4.0
5444	4.0
5445	4.0
5446	4.0
5447	4.0
5448	4.0
5449	99999.0
5450	99999.0
5451	99999.0
5452	99999.0
5453	4.0
5454	99999.0
5455	99999.0
5456	4.0
5457	99999.0
5458	99999.0
5459	4.0
5460	6.0
5461	99999.0
5462	99999.0
5463	99999.0
5464	99999.0
5465	99999.0
5466	99999.0
5467	99999.0
5468	99999.0
5469	99999.0
5470	99999.0
5471	99999.0
5472	4.0
5473	99999.0
5474	99999.0
5475	99999.0
5476	99999.0
5477	99999.0
5478	99999.0
5479	99999.0
5480	99999.0
5481	99999.0
5482	99999.0
5483	4.0
5484	4.0
5485	99999.0
5486	99999.0
5487	4.0
5488	4.0
5489	4.0
5490	3.0
5491	4.0
5492	4.0
5493	4.0
5494	4.0
5495	4.0
5496	99999.0
5497	99999.0
5498	99999.0
5499	99999.0
5500	99999.0
5501	99999.0
5502	4.0
5503	5.0
5504	99999.0
5505	99999.0
5506	99999.0
5507	99999.0
5508	99999.0
5509	99999.0
5510	99999.0
5511	4.0
5512	4.0
5513	99999.0
5514	6.0
5515	99999.0
5516	99999.0
5517	3.0
5518	99999.0
5519	99999.0
5520	99999.0
5521	99999.0
5522	99999.0
5523	99999.0
5524	3.0
5525	99999.0
5526	99999.0
5527	4.0
5528	5.0
5529	99999.0
5530	99999.0
5531	99999.0
5532	99999.0
5533	99999.0
5534	99999.0
5535	3.0
5536	99999.0
5537	99999.0
5538	99999.0
5539	99999.0
5540	99999.0
5541	99999.0
5542	99999.0
5543	99999.0
5544	3.0
5545	99999.0
5546	99999.0
5547	99999.0
5548	99999.0
5549	4.0
5550	99999.0
5551	99999.0
5552	4.0
5553	3.0
5554	3.0
5555	3.0
5556	4.0
5557	99999.0
5558	99999.0
5559	99999.0
5560	99999.0
5561	99999.0
5562	4.0
5563	5.0
5564	99999.0
5565	99999.0
5566	99999.0
5567	99999.0
5568	99999.0
5569	99999.0
5570	99999.0
5571	4.0
5572	99999.0
5573	4.0
5574	99999.0
5575	99999.0
5576	99999.0
5577	99999.0
5578	99999.0
5579	99999.0
5580	99999.0
5581	99999.0
5582	99999.0
5583	4.0
5584	4.0
5585	99999.0
5586	99999.0
5587	99999.0
5588	99999.0
5589	99999.0
5590	99999.0
5591	99999.0
5592	99999.0
5593	99999.0
5594	4.0
5595	99999.0
5596	4.0
5597	99999.0
5598	99999.0
5599	99999.0
5600	99999.0
5601	99999.0
5602	4.0
5603	4.0
5604	4.0
5605	4.0
5606	4.0
5607	4.0
5608	4.0
5609	4.0
5610	4.0
5611	4.0
5612	4.0
5613	4.0
5614	4.0
5615	4.0
5616	4.0
5617	4.0
5618	4.0
5619	4.0
5620	4.0
5621	4.0
5622	4.0
5623	4.0
5624	4.0
5625	4.0
5626	4.0
5627	4.0
5628	4.0
5629	4.0
5630	4.0
5631	4.0
5632	4.0
5633	4.0
5634	4.0
5635	4.0
5636	4.0
5637	4.0
5638	4.0
5639	4.0
5640	4.0
5641	4.0
5642	4.0
5643	4.0
5644	4.0
5645	4.0
5646	4.0
5647	4.0
5648	4.0
5649	99999.0
5650	99999.0
5651	99999.0
5652	99999.0
5653	99999.0
5654	99999.0
5655	4.0
5656	99999.0
5657	99999.0
5658	99999.0
5659	99999.0
5660	99999.0
5661	99999.0
5662	99999.0
5663	99999.0
5664	3.0
5665	99999.0
5666	4.0
5667	4.0
5668	99999.0
5669	99999.0
5670	99999.0
5671	99999.0
5672	99999.0
5673	5.0
5674	99999.0
5675	4.0
5676	99999.0
5677	99999.0
5678	99999.0
5679	99999.0
5680	4.0
5681	99999.0
5682	99999.0
5683	99999.0
5684	99999.0
5685	99999.0
5686	4.0
5687	99999.0
5688	4.0
5689	99999.0
5690	99999.0
5691	99999.0
5692	4.0
5693	4.0
5694	99999.0
5695	99999.0
5696	99999.0
5697	99999.0
5698	4.0
5699	99999.0
5700	99999.0
5701	99999.0
5702	4.0
5703	99999.0
5704	99999.0
5705	4.0
5706	99999.0
5707	99999.0
5708	99999.0
5709	99999.0
5710	99999.0
5711	99999.0
5712	99999.0
5713	99999.0
5714	99999.0
5715	99999.0
5716	99999.0
5717	99999.0
5718	99999.0
5719	99999.0
5720	99999.0
5721	4.0
5722	4.0
5723	4.0
5724	4.0
5725	4.0
5726	99999.0
5727	99999.0
5728	99999.0
5729	99999.0
5730	99999.0
5731	99999.0
5732	99999.0
5733	99999.0
5734	99999.0
5735	99999.0
5736	4.0
5737	99999.0
5738	99999.0
5739	99999.0
5740	4.0
5741	4.0
5742	4.0
5743	4.0
5744	99999.0
5745	99999.0
5746	3.0
5747	99999.0
5748	99999.0
5749	99999.0
5750	99999.0
5751	99999.0
5752	99999.0
5753	99999.0
5754	99999.0
5755	99999.0
5756	99999.0
5757	99999.0
5758	99999.0
5759	99999.0
5760	99999.0
5761	99999.0
5762	99999.0
5763	99999.0
5764	4.0
5765	99999.0
5766	5.0
5767	99999.0
5768	3.0
5769	99999.0
5770	4.0
5771	99999.0
5772	99999.0
5773	99999.0
5774	99999.0
5775	99999.0
5776	99999.0
5777	99999.0
5778	99999.0
5779	5.0
5780	4.0
5781	99999.0
5782	4.0
5783	99999.0
5784	99999.0
5785	4.0
5786	99999.0
5787	99999.0
5788	99999.0
5789	99999.0
5790	99999.0
5791	99999.0
5792	99999.0
5793	99999.0
5794	4.0
5795	4.0
5796	99999.0
5797	99999.0
5798	99999.0
5799	99999.0
5800	99999.0
5801	99999.0
5802	99999.0
5803	5.0
5804	5.0
5805	99999.0
5806	99999.0
5807	5.0
5808	99999.0
5809	4.0
5810	5.0
5811	99999.0
5812	99999.0
5813	99999.0
5814	99999.0
5815	99999.0
5816	99999.0
5817	99999.0
5818	99999.0
5819	99999.0
5820	3.0
5821	5.0
5822	99999.0
5823	99999.0
5824	4.0
5825	99999.0
5826	4.0
5827	4.0
5828	4.0
5829	99999.0
5830	99999.0
5831	99999.0
5832	99999.0
5833	99999.0
5834	99999.0
5835	99999.0
5836	99999.0
5837	99999.0
5838	4.0
5839	99999.0
5840	4.0
5841	99999.0
5842	99999.0
5843	99999.0
5844	99999.0
5845	99999.0
5846	99999.0
5847	99999.0
5848	99999.0
5849	4.0
5850	4.0
5851	99999.0
5852	4.0
5853	99999.0
5854	99999.0
5855	99999.0
5856	99999.0
5857	99999.0
5858	99999.0
5859	99999.0
5860	4.0
5861	4.0
5862	3.0
5863	99999.0
5864	99999.0
5865	99999.0
5866	99999.0
5867	99999.0
5868	99999.0
5869	5.0
5870	99999.0
5871	99999.0
5872	3.0
5873	3.0
5874	3.0
5875	99999.0
5876	4.0
5877	99999.0
5878	4.0
5879	99999.0
5880	99999.0
5881	99999.0
5882	99999.0
5883	99999.0
5884	4.0
5885	99999.0
5886	99999.0
5887	99999.0
5888	99999.0
5889	99999.0
5890	99999.0
5891	99999.0
5892	99999.0
5893	99999.0
5894	99999.0
5895	99999.0
5896	99999.0
5897	99999.0
5898	99999.0
5899	99999.0
5900	99999.0
5901	99999.0
5902	99999.0
5903	99999.0
5904	99999.0
5905	4.0
5906	99999.0
5907	99999.0
5908	99999.0
5909	99999.0
5910	4.0
5911	4.0
5912	99999.0
5913	99999.0
5914	99999.0
5915	99999.0
5916	99999.0
5917	99999.0
5918	4.0
5919	99999.0
5920	3.0
5921	3.0
5922	99999.0
5923	5.0
5924	4.0
5925	4.0
5926	3.0
5927	4.0
5928	4.0
5929	99999.0
5930	4.0
5931	99999.0
5932	99999.0
5933	99999.0
5934	99999.0
5935	99999.0
5936	99999.0
5937	99999.0
5938	99999.0
5939	3.0
5940	99999.0
5941	99999.0
5942	99999.0
5943	99999.0
5944	99999.0
5945	99999.0
5946	99999.0
5947	99999.0
5948	99999.0
5949	99999.0
5950	99999.0
5951	99999.0
5952	99999.0
5953	99999.0
5954	4.0
5955	4.0
5956	99999.0
5957	4.0
5958	99999.0
5959	99999.0
5960	4.0
5961	99999.0
5962	4.0
5963	99999.0
5964	99999.0
5965	99999.0
5966	4.0
5967	4.0
5968	99999.0
5969	4.0
5970	99999.0
5971	4.0
5972	5.0
5973	4.0
5974	5.0
5975	4.0
5976	99999.0
5977	99999.0
5978	99999.0
5979	4.0
5980	99999.0
5981	99999.0
5982	99999.0
5983	99999.0
5984	99999.0
5985	99999.0
5986	99999.0
5987	99999.0
5988	99999.0
5989	99999.0
5990	99999.0
5991	99999.0
5992	99999.0
5993	99999.0
5994	99999.0
5995	3.0
5996	99999.0
5997	99999.0
5998	99999.0
5999	99999.0
6000	99999.0
6001	3.0
6002	99999.0
6003	99999.0
6004	99999.0
6005	4.0
6006	99999.0
6007	99999.0
6008	4.0
6009	99999.0
6010	99999.0
6011	3.0
6012	99999.0
6013	99999.0
6014	99999.0
6015	3.0
6016	99999.0
6017	99999.0
6018	99999.0
6019	99999.0
6020	99999.0
6021	4.0
6022	3.0
6023	99999.0
6024	99999.0
6025	99999.0
6026	99999.0
6027	99999.0
6028	99999.0
6029	99999.0
6030	99999.0
6031	99999.0
6032	99999.0
6033	99999.0
6034	99999.0
6035	99999.0
6036	5.0
6037	99999.0
6038	99999.0
6039	99999.0
6040	4.0
6041	99999.0
6042	99999.0
6043	4.0
6044	99999.0
6045	99999.0
6046	99999.0
6047	99999.0
6048	7.0
6049	99999.0
6050	99999.0
6051	99999.0
6052	99999.0
6053	99999.0
6054	99999.0
6055	99999.0
6056	99999.0
6057	5.0
6058	99999.0
6059	99999.0
6060	99999.0
6061	99999.0
6062	99999.0
6063	4.0
6064	99999.0
6065	99999.0
6066	99999.0
6067	99999.0
6068	4.0
6069	4.0
6070	4.0
6071	99999.0
6072	99999.0
6073	99999.0
6074	99999.0
6075	99999.0
6076	4.0
6077	99999.0
6078	99999.0
6079	99999.0
6080	99999.0
6081	99999.0
6082	99999.0
6083	99999.0
6084	4.0
6085	99999.0
6086	4.0
6087	99999.0
6088	99999.0
6089	99999.0
6090	99999.0
6091	99999.0
6092	99999.0
6093	99999.0
6094	99999.0
6095	99999.0
6096	4.0
6097	4.0
6098	99999.0
6099	3.0
6100	99999.0
6101	99999.0
6102	99999.0
6103	99999.0
6104	99999.0
6105	99999.0
6106	99999.0
6107	99999.0
6108	99999.0
6109	99999.0
6110	99999.0
6111	99999.0
6112	5.0
6113	99999.0
6114	99999.0
6115	99999.0
6116	99999.0
6117	99999.0
6118	99999.0
6119	99999.0
6120	99999.0
6121	99999.0
6122	4.0
6123	4.0
6124	4.0
6125	99999.0
6126	99999.0
6127	99999.0
6128	4.0
6129	4.0
6130	4.0
6131	99999.0
6132	99999.0
6133	99999.0
6134	99999.0
6135	99999.0
6136	4.0
6137	99999.0
6138	99999.0
6139	4.0
6140	99999.0
6141	99999.0
6142	99999.0
6143	99999.0
6144	99999.0
6145	3.0
6146	99999.0
6147	99999.0
6148	4.0
6149	99999.0
6150	99999.0
6151	99999.0
6152	99999.0
6153	99999.0
6154	99999.0
6155	99999.0
6156	5.0
6157	99999.0
6158	99999.0
6159	99999.0
6160	3.0
6161	99999.0
6162	99999.0
6163	99999.0
6164	4.0
6165	4.0
6166	99999.0
6167	99999.0
6168	99999.0
6169	4.0
6170	4.0
6171	99999.0
6172	99999.0
6173	99999.0
6174	99999.0
6175	99999.0
6176	99999.0
6177	99999.0
6178	99999.0
6179	99999.0
6180	5.0
6181	99999.0
6182	99999.0
6183	99999.0
6184	99999.0
6185	99999.0
6186	5.0
6187	99999.0
6188	99999.0
6189	99999.0
6190	99999.0
6191	99999.0
6192	99999.0
6193	99999.0
6194	99999.0
6195	99999.0
6196	99999.0
6197	99999.0
6198	99999.0
6199	99999.0
6200	99999.0
6201	99999.0
6202	99999.0
6203	99999.0
6204	99999.0
6205	99999.0
6206	99999.0
6207	99999.0
6208	99999.0
6209	99999.0
6210	99999.0
6211	99999.0
6212	99999.0
6213	99999.0
6214	99999.0
6215	99999.0
6216	99999.0
6217	99999.0
6218	99999.0
6219	99999.0
6220	99999.0
6221	99999.0
6222	4.0
6223	4.0
6224	99999.0
6225	99999.0
6226	99999.0
6227	99999.0
6228	99999.0
6229	99999.0
6230	99999.0
6231	99999.0
6232	99999.0
6233	99999.0
6234	4.0
6235	99999.0
6236	99999.0
6237	99999.0
6238	99999.0
6239	99999.0
6240	99999.0
6241	99999.0
6242	99999.0
6243	99999.0
6244	99999.0
6245	99999.0
6246	99999.0
6247	5.0
6248	99999.0
6249	99999.0
6250	99999.0
6251	99999.0
6252	99999.0
6253	99999.0
6254	99999.0
6255	99999.0
6256	99999.0
6257	99999.0
6258	4.0
6259	99999.0
6260	99999.0
6261	99999.0
6262	5.0
6263	4.0
6264	99999.0
6265	99999.0
6266	99999.0
6267	99999.0
6268	99999.0
6269	99999.0
6270	99999.0
6271	99999.0
6272	99999.0
6273	99999.0
6274	99999.0
6275	99999.0
6276	99999.0
6277	99999.0
6278	4.0
6279	5.0
6280	4.0
6281	4.0
6282	4.0
6283	4.0
6284	4.0
6285	4.0
6286	4.0
6287	4.0
6288	4.0
6289	4.0
6290	4.0
6291	4.0
6292	4.0
6293	4.0
6294	4.0
6295	4.0
6296	99999.0
6297	99999.0
6298	99999.0
6299	99999.0
6300	99999.0
6301	99999.0
6302	99999.0
6303	99999.0
6304	99999.0
6305	99999.0
6306	99999.0
6307	99999.0
6308	99999.0
6309	99999.0
6310	99999.0
6311	99999.0
6312	99999.0
6313	99999.0
6314	99999.0
6315	99999.0
6316	99999.0
6317	99999.0
6318	99999.0
6319	99999.0
6320	99999.0
6321	99999.0
6322	4.0
6323	4.0
6324	99999.0
6325	99999.0
6326	99999.0
6327	99999.0
6328	99999.0
6329	99999.0
6330	99999.0
6331	99999.0
6332	99999.0
6333	99999.0
6334	99999.0
6335	99999.0
6336	99999.0
6337	99999.0
6338	99999.0
6339	99999.0
6340	99999.0
6341	99999.0
6342	99999.0
6343	99999.0
6344	5.0
6345	5.0
6346	99999.0
6347	99999.0
6348	99999.0
6349	99999.0
6350	99999.0
6351	99999.0
6352	99999.0
6353	99999.0
6354	99999.0
6355	99999.0
6356	99999.0
6357	99999.0
6358	99999.0
6359	99999.0
6360	99999.0
6361	99999.0
6362	99999.0
6363	99999.0
6364	99999.0
6365	99999.0
6366	4.0
6367	4.0
6368	99999.0
6369	99999.0
6370	99999.0
6371	99999.0
6372	99999.0
6373	99999.0
6374	99999.0
6375	99999.0
6376	99999.0
6377	99999.0
6378	99999.0
6379	99999.0
6380	99999.0
6381	99999.0
6382	99999.0
6383	99999.0
6384	99999.0
6385	99999.0
6386	99999.0
6387	4.0
6388	99999.0
6389	99999.0
6390	99999.0
6391	99999.0
6392	99999.0
6393	99999.0
6394	99999.0
6395	99999.0
6396	99999.0
6397	99999.0
6398	99999.0
6399	99999.0
6400	99999.0
6401	99999.0
6402	4.0
6403	99999.0
6404	99999.0
6405	99999.0
6406	99999.0
6407	99999.0
6408	99999.0
6409	99999.0
6410	99999.0
6411	99999.0
6412	99999.0
6413	3.0
6414	99999.0
6415	99999.0
6416	99999.0
6417	99999.0
6418	99999.0
6419	99999.0
6420	99999.0
6421	99999.0
6422	99999.0
6423	99999.0
6424	99999.0
6425	4.0
6426	99999.0
6427	99999.0
6428	4.0
6429	99999.0
6430	99999.0
6431	4.0
6432	4.0
6433	4.0
6434	4.0
6435	4.0
6436	4.0
6437	99999.0
6438	99999.0
6439	99999.0
6440	99999.0
6441	99999.0
6442	99999.0
6443	99999.0
6444	99999.0
6445	99999.0
6446	99999.0
6447	99999.0
6448	99999.0
6449	99999.0
6450	99999.0
6451	99999.0
6452	99999.0
6453	99999.0
6454	99999.0
6455	99999.0
6456	99999.0
6457	99999.0
6458	99999.0
6459	99999.0
6460	99999.0
6461	99999.0
6462	99999.0
6463	99999.0
6464	99999.0
6465	99999.0
6466	99999.0
6467	99999.0
6468	4.0
6469	99999.0
6470	99999.0
6471	99999.0
6472	99999.0
6473	99999.0
6474	99999.0
6475	99999.0
6476	99999.0
6477	99999.0
6478	99999.0
6479	99999.0
6480	99999.0
6481	99999.0
6482	99999.0
6483	99999.0
6484	99999.0
6485	99999.0
6486	99999.0
6487	4.0
6488	99999.0
6489	99999.0
6490	99999.0
6491	99999.0
6492	99999.0
6493	99999.0
6494	99999.0
6495	99999.0
6496	99999.0
6497	99999.0
6498	99999.0
6499	99999.0
6500	99999.0
6501	99999.0
6502	99999.0
6503	99999.0
6504	99999.0
6505	99999.0
6506	99999.0
6507	99999.0
6508	99999.0
6509	99999.0
6510	99999.0
6511	99999.0
6512	99999.0
6513	99999.0
6514	99999.0
6515	4.0
6516	99999.0
6517	99999.0
6518	3.0
6519	99999.0
6520	99999.0
6521	99999.0
6522	99999.0
6523	99999.0
6524	99999.0
6525	99999.0
6526	99999.0
6527	99999.0
6528	99999.0
6529	99999.0
6530	99999.0
6531	99999.0
6532	4.0
6533	99999.0
6534	99999.0
6535	99999.0
6536	99999.0
6537	99999.0
6538	99999.0
6539	99999.0
6540	4.0
6541	99999.0
6542	99999.0
6543	99999.0
6544	99999.0
6545	99999.0
6546	99999.0
6547	99999.0
6548	99999.0
6549	99999.0
6550	99999.0
6551	99999.0
